datetime;predefinedLocationReference;averageVehicleSpeed;travelTime;travelTimeReliability;trafficStatus;vehicleProbeMeasurement
2025-07-02T23:03:00+02:00;10273_D;67;11;17;freeFlow;1
2025-07-02T23:03:00+02:00;10273_G;80;9;75;freeFlow;2
2025-07-02T23:03:00+02:00;10274_D;70;9;0;unknown;0
2025-07-02T23:03:00+02:00;10274_G;76;8;75;freeFlow;2
2025-07-02T23:03:00+02:00;10275_D;70;15;0;unknown;0
2025-07-02T23:03:00+02:00;10275_G;75;13;75;freeFlow;2
2025-07-02T23:03:00+02:00;10277_D;70;22;0;unknown;0
2025-07-02T23:03:00+02:00;10277_G;72;21;75;freeFlow;2
2025-07-02T23:03:00+02:00;10279_D;70;14;0;unknown;0
2025-07-02T23:03:00+02:00;10279_G;72;14;60;freeFlow;1
2025-07-02T23:03:00+02:00;10281_D;70;20;0;unknown;0
2025-07-02T23:03:00+02:00;10281_G;72;20;60;freeFlow;1
2025-07-02T23:03:00+02:00;10315_D;70;8;0;unknown;0
2025-07-02T23:03:00+02:00;10315_G;77;7;75;freeFlow;2
2025-07-02T23:03:00+02:00;11579_D;80;3;0;unknown;0
2025-07-02T23:03:00+02:00;11579_G;80;3;0;unknown;0
2025-07-02T23:03:00+02:00;11652;90;15;0;unknown;0
2025-07-02T23:03:00+02:00;11654;70;2;0;unknown;0
2025-07-02T23:03:00+02:00;11777_D;67;1;15;freeFlow;1
2025-07-02T23:03:00+02:00;11777_G;42;1;60;heavy;1
2025-07-02T23:03:00+02:00;11781_D;30;3;0;unknown;0
2025-07-02T23:03:00+02:00;11781_G;30;3;0;unknown;0
2025-07-02T23:03:00+02:00;11784_D;30;2;0;unknown;0
2025-07-02T23:03:00+02:00;11784_G;30;2;0;unknown;0
2025-07-02T23:03:00+02:00;11785_D;30;1;0;unknown;0
2025-07-02T23:03:00+02:00;11785_G;30;1;0;unknown;0
2025-07-02T23:03:00+02:00;12060_D;70;10;0;unknown;0
2025-07-02T23:03:00+02:00;12060_G;77;9;75;freeFlow;2
2025-07-02T23:03:00+02:00;1242_D;63;2;55;freeFlow;1
2025-07-02T23:03:00+02:00;1242_G;70;2;0;unknown;0
2025-07-02T23:03:00+02:00;1285_D;67;1;55;freeFlow;1
2025-07-02T23:03:00+02:00;1285_G;70;1;0;unknown;0
2025-07-02T23:03:00+02:00;13514;50;4;45;heavy;1
2025-07-02T23:03:00+02:00;13515;50;3;45;heavy;1
2025-07-02T23:03:00+02:00;13516;80;1;0;unknown;0
2025-07-02T23:03:00+02:00;13549_D;80;4;0;unknown;0
2025-07-02T23:03:00+02:00;13549_G;60;6;45;freeFlow;1
2025-07-02T23:03:00+02:00;13557_D;80;5;0;unknown;0
2025-07-02T23:03:00+02:00;13557_G;50;8;45;heavy;1
2025-07-02T23:03:00+02:00;14364;106;19;75;freeFlow;2
2025-07-02T23:03:00+02:00;14365;128;16;15;freeFlow;1
2025-07-02T23:03:00+02:00;15029_D;80;31;0;unknown;0
2025-07-02T23:03:00+02:00;15029_G;79;31;55;freeFlow;1
2025-07-02T23:03:00+02:00;15062;36;4;55;heavy;1
2025-07-02T23:03:00+02:00;15063;67;2;60;freeFlow;1
2025-07-02T23:03:00+02:00;15064;80;2;0;unknown;0
2025-07-02T23:03:00+02:00;15065;36;5;55;heavy;1
2025-07-02T23:03:00+02:00;15066;36;4;55;heavy;1
2025-07-02T23:03:00+02:00;15067_D;80;53;0;unknown;0
2025-07-02T23:03:00+02:00;15067_G;50;85;52;heavy;1
2025-07-02T23:03:00+02:00;15104_D;80;49;0;unknown;0
2025-07-02T23:03:00+02:00;15104_G;80;49;0;unknown;0
2025-07-02T23:03:00+02:00;15111;110;3;0;unknown;0
2025-07-02T23:03:00+02:00;15113;80;2;0;unknown;0
2025-07-02T23:03:00+02:00;15114;80;2;0;unknown;0
2025-07-02T23:03:00+02:00;15117;80;2;0;unknown;0
2025-07-02T23:03:00+02:00;15118;80;1;0;unknown;0
2025-07-02T23:03:00+02:00;15119;80;2;0;unknown;0
2025-07-02T23:03:00+02:00;15120;80;2;0;unknown;0
2025-07-02T23:03:00+02:00;15121;80;1;0;unknown;0
2025-07-02T23:03:00+02:00;15122;80;2;0;unknown;0
2025-07-02T23:03:00+02:00;15124_D;80;11;0;unknown;0
2025-07-02T23:03:00+02:00;15124_G;80;10;0;unknown;0
2025-07-02T23:03:00+02:00;15549_D;50;1;0;unknown;0
2025-07-02T23:03:00+02:00;15549_G;50;1;0;unknown;0
2025-07-02T23:03:00+02:00;15550;80;0;100;freeFlow;3
2025-07-02T23:03:00+02:00;15551;76;149;29;heavy;1
2025-07-02T23:03:00+02:00;1601768;25;16;38;heavy;1
2025-07-02T23:03:00+02:00;1601771;42;6;78;freeFlow;3
2025-07-02T23:03:00+02:00;1601787;42;2;60;freeFlow;1
2025-07-02T23:03:00+02:00;1601792;30;2;0;unknown;0
2025-07-02T23:03:00+02:00;1601794_D;30;4;0;unknown;0
2025-07-02T23:03:00+02:00;1601794_G;30;3;0;unknown;0
2025-07-02T23:03:00+02:00;1601795;30;16;0;unknown;0
2025-07-02T23:03:00+02:00;1601797;30;17;0;unknown;0
2025-07-02T23:03:00+02:00;1601798;42;3;60;freeFlow;1
2025-07-02T23:03:00+02:00;1601799;30;2;0;unknown;0
2025-07-02T23:03:00+02:00;1601807;42;3;71;freeFlow;2
2025-07-02T23:03:00+02:00;1601808;67;14;60;freeFlow;1
2025-07-02T23:03:00+02:00;1601810;43;22;52;freeFlow;1
2025-07-02T23:03:00+02:00;1601812;69;3;60;freeFlow;1
2025-07-02T23:03:00+02:00;1601813_D;72;18;60;freeFlow;1
2025-07-02T23:03:00+02:00;1601813_G;56;22;42;freeFlow;1
2025-07-02T23:03:00+02:00;1601814;64;3;42;freeFlow;1
2025-07-02T23:03:00+02:00;1601815;44;4;68;freeFlow;2
2025-07-02T23:03:00+02:00;1601819;39;1;52;freeFlow;1
2025-07-02T23:03:00+02:00;1601824;69;2;60;freeFlow;1
2025-07-02T23:03:00+02:00;1601898;83;18;60;freeFlow;1
2025-07-02T23:03:00+02:00;1601931_D;50;5;0;unknown;0
2025-07-02T23:03:00+02:00;1601931_G;50;5;0;unknown;0
2025-07-02T23:03:00+02:00;1602158_D;50;1;0;unknown;0
2025-07-02T23:03:00+02:00;1602158_G;50;1;0;unknown;0
2025-07-02T23:03:00+02:00;1602398;50;1;0;unknown;0
2025-07-02T23:03:00+02:00;1626;30;81;57;heavy;1
2025-07-02T23:03:00+02:00;1627;43;4;60;freeFlow;1
2025-07-02T23:03:00+02:00;1628;50;2;0;unknown;0
2025-07-02T23:03:00+02:00;1629;50;3;0;unknown;0
2025-07-02T23:03:00+02:00;1630;50;2;0;unknown;0
2025-07-02T23:03:00+02:00;1631;62;2;0;unknown;0
2025-07-02T23:03:00+02:00;1632;61;31;59;heavy;1
2025-07-02T23:03:00+02:00;1633;70;11;0;unknown;0
2025-07-02T23:03:00+02:00;1639;48;6;0;unknown;0
2025-07-02T23:03:00+02:00;16647_D;80;57;0;unknown;0
2025-07-02T23:03:00+02:00;16647_G;74;61;40;freeFlow;1
2025-07-02T23:03:00+02:00;16648_D;80;9;0;unknown;0
2025-07-02T23:03:00+02:00;16648_G;85;9;40;freeFlow;1
2025-07-02T23:03:00+02:00;16695_D;65;44;42;freeFlow;1
2025-07-02T23:03:00+02:00;16695_G;80;36;0;unknown;0
2025-07-02T23:03:00+02:00;16701;50;2;0;unknown;0
2025-07-02T23:03:00+02:00;16702;50;2;0;unknown;0
2025-07-02T23:03:00+02:00;16707_D;50;1;0;unknown;0
2025-07-02T23:03:00+02:00;16707_G;50;1;0;unknown;0
2025-07-02T23:03:00+02:00;16744;60;2;42;freeFlow;1
2025-07-02T23:03:00+02:00;16745;60;2;42;freeFlow;1
2025-07-02T23:03:00+02:00;16746;43;3;42;heavy;1
2025-07-02T23:03:00+02:00;16747;80;2;0;unknown;0
2025-07-02T23:03:00+02:00;16748;80;2;0;unknown;0
2025-07-02T23:03:00+02:00;16749;80;2;0;unknown;0
2025-07-02T23:03:00+02:00;16752_D;80;5;0;unknown;0
2025-07-02T23:03:00+02:00;16752_G;80;5;0;unknown;0
2025-07-02T23:03:00+02:00;1675_D;30;9;0;unknown;0
2025-07-02T23:03:00+02:00;1675_G;62;4;0;unknown;0
2025-07-02T23:03:00+02:00;1676;56;8;60;heavy;1
2025-07-02T23:03:00+02:00;16761;50;2;0;unknown;0
2025-07-02T23:03:00+02:00;16762;50;2;0;unknown;0
2025-07-02T23:03:00+02:00;1677;51;10;55;heavy;1
2025-07-02T23:03:00+02:00;1677109;63;26;22;freeFlow;1
2025-07-02T23:03:00+02:00;1677110;70;1;0;unknown;0
2025-07-02T23:03:00+02:00;1677175_D;30;48;0;unknown;0
2025-07-02T23:03:00+02:00;1677175_G;30;48;0;unknown;0
2025-07-02T23:03:00+02:00;1677180_D;30;1;0;unknown;0
2025-07-02T23:03:00+02:00;1677180_G;30;2;0;unknown;0
2025-07-02T23:03:00+02:00;1677184_D;30;23;0;unknown;0
2025-07-02T23:03:00+02:00;1677184_G;30;23;0;unknown;0
2025-07-02T23:03:00+02:00;1677551_D;30;2;0;unknown;0
2025-07-02T23:03:00+02:00;1677551_G;30;2;0;unknown;0
2025-07-02T23:03:00+02:00;1677568_D;50;29;0;unknown;0
2025-07-02T23:03:00+02:00;1677568_G;50;30;0;unknown;0
2025-07-02T23:03:00+02:00;1677569;42;2;60;freeFlow;1
2025-07-02T23:03:00+02:00;1677687;50;1;0;unknown;0
2025-07-02T23:03:00+02:00;1677691;50;1;0;unknown;0
2025-07-02T23:03:00+02:00;1677693;50;2;0;unknown;0
2025-07-02T23:03:00+02:00;1677695_D;50;14;0;unknown;0
2025-07-02T23:03:00+02:00;1677695_G;50;13;0;unknown;0
2025-07-02T23:03:00+02:00;1677709_D;50;3;0;unknown;0
2025-07-02T23:03:00+02:00;1677709_G;50;4;0;unknown;0
2025-07-02T23:03:00+02:00;1677716_D;50;3;0;unknown;0
2025-07-02T23:03:00+02:00;1677716_G;50;3;0;unknown;0
2025-07-02T23:03:00+02:00;1677730_D;50;22;0;unknown;0
2025-07-02T23:03:00+02:00;1677730_G;32;34;60;heavy;1
2025-07-02T23:03:00+02:00;1677735_D;50;1;0;unknown;0
2025-07-02T23:03:00+02:00;1677735_G;50;1;0;unknown;0
2025-07-02T23:03:00+02:00;1677745_D;50;2;0;unknown;0
2025-07-02T23:03:00+02:00;1677745_G;50;1;0;unknown;0
2025-07-02T23:03:00+02:00;1677785_D;30;9;0;unknown;0
2025-07-02T23:03:00+02:00;1677785_G;30;9;0;unknown;0
2025-07-02T23:03:00+02:00;1677801_D;50;6;0;unknown;0
2025-07-02T23:03:00+02:00;1677801_G;50;6;0;unknown;0
2025-07-02T23:03:00+02:00;1677808_D;50;13;0;unknown;0
2025-07-02T23:03:00+02:00;1677808_G;50;13;0;unknown;0
2025-07-02T23:03:00+02:00;16783;50;2;0;unknown;0
2025-07-02T23:03:00+02:00;16784;50;2;0;unknown;0
2025-07-02T23:03:00+02:00;16785;50;2;0;unknown;0
2025-07-02T23:03:00+02:00;1678542;90;23;0;unknown;0
2025-07-02T23:03:00+02:00;1678698_D;50;16;0;unknown;0
2025-07-02T23:03:00+02:00;1678698_G;48;17;40;freeFlow;1
2025-07-02T23:03:00+02:00;1678750;50;2;0;unknown;0
2025-07-02T23:03:00+02:00;1678763_D;50;4;0;unknown;0
2025-07-02T23:03:00+02:00;1678763_G;50;4;0;unknown;0
2025-07-02T23:03:00+02:00;1679092_D;34;7;32;heavy;1
2025-07-02T23:03:00+02:00;1679092_G;50;4;0;unknown;0
2025-07-02T23:03:00+02:00;1679681;90;9;0;unknown;0
2025-07-02T23:03:00+02:00;1679779;50;6;0;unknown;0
2025-07-02T23:03:00+02:00;1679795_D;29;2;32;heavy;1
2025-07-02T23:03:00+02:00;1679822;50;1;0;unknown;0
2025-07-02T23:03:00+02:00;1679825;50;1;0;unknown;0
2025-07-02T23:03:00+02:00;1679841;50;20;0;unknown;0
2025-07-02T23:03:00+02:00;1679843;50;1;0;unknown;0
2025-07-02T23:03:00+02:00;1679845;50;1;0;unknown;0
2025-07-02T23:03:00+02:00;1679847;50;1;0;unknown;0
2025-07-02T23:03:00+02:00;1679859_D;30;16;0;unknown;0
2025-07-02T23:03:00+02:00;1679859_G;30;16;0;unknown;0
2025-07-02T23:03:00+02:00;1680014;95;5;60;freeFlow;1
2025-07-02T23:03:00+02:00;1680016;99;12;100;freeFlow;4
2025-07-02T23:03:00+02:00;1680022;99;5;100;freeFlow;4
2025-07-02T23:03:00+02:00;1680024;95;8;60;freeFlow;1
2025-07-02T23:03:00+02:00;1680116;67;2;60;freeFlow;1
2025-07-02T23:03:00+02:00;1680119;67;3;60;freeFlow;1
2025-07-02T23:03:00+02:00;1680121;46;3;40;heavy;1
2025-07-02T23:03:00+02:00;1680122_D;75;25;60;freeFlow;1
2025-07-02T23:03:00+02:00;1680122_G;48;39;40;heavy;1
2025-07-02T23:03:00+02:00;1680123;46;4;40;heavy;1
2025-07-02T23:03:00+02:00;1680337;44;5;60;freeFlow;1
2025-07-02T23:03:00+02:00;1680401_D;70;17;0;unknown;0
2025-07-02T23:03:00+02:00;1680401_G;70;18;0;unknown;0
2025-07-02T23:03:00+02:00;1680514_D;43;10;25;freeFlow;1
2025-07-02T23:03:00+02:00;1680514_G;36;13;45;freeFlow;1
2025-07-02T23:03:00+02:00;1680539;90;1;0;unknown;0
2025-07-02T23:03:00+02:00;1680541_D;47;9;45;freeFlow;1
2025-07-02T23:03:00+02:00;1680541_G;58;7;40;freeFlow;1
2025-07-02T23:03:00+02:00;1680549_D;50;12;0;unknown;0
2025-07-02T23:03:00+02:00;1680549_G;7;93;86;congested;3
2025-07-02T23:03:00+02:00;1680551_D;58;1;40;freeFlow;1
2025-07-02T23:03:00+02:00;1680551_G;32;1;45;freeFlow;1
2025-07-02T23:03:00+02:00;1680557_D;50;0;0;unknown;0
2025-07-02T23:03:00+02:00;1680557_G;35;1;57;freeFlow;2
2025-07-02T23:03:00+02:00;1680561_D;2;23;25;congested;1
2025-07-02T23:03:00+02:00;1680561_G;16;2;45;heavy;1
2025-07-02T23:03:00+02:00;1680567;21;4;60;heavy;2
2025-07-02T23:03:00+02:00;1680569;28;5;60;heavy;2
2025-07-02T23:03:00+02:00;1680573;32;2;45;heavy;1
2025-07-02T23:03:00+02:00;1680574;16;7;60;heavy;2
2025-07-02T23:03:00+02:00;1680575;38;8;43;freeFlow;2
2025-07-02T23:03:00+02:00;1680576;32;3;45;heavy;1
2025-07-02T23:03:00+02:00;16821_D;80;83;0;unknown;0
2025-07-02T23:03:00+02:00;16821_G;85;78;62;freeFlow;2
2025-07-02T23:03:00+02:00;16830_D;50;16;0;unknown;0
2025-07-02T23:03:00+02:00;16830_G;50;16;0;unknown;0
2025-07-02T23:03:00+02:00;16831_D;50;2;0;unknown;0
2025-07-02T23:03:00+02:00;16831_G;50;2;0;unknown;0
2025-07-02T23:03:00+02:00;16832;50;3;0;unknown;0
2025-07-02T23:03:00+02:00;16834;70;10;0;unknown;0
2025-07-02T23:03:00+02:00;16850_D;50;1;0;unknown;0
2025-07-02T23:03:00+02:00;16850_G;50;1;0;unknown;0
2025-07-02T23:03:00+02:00;16851_D;50;3;0;unknown;0
2025-07-02T23:03:00+02:00;16851_G;50;2;0;unknown;0
2025-07-02T23:03:00+02:00;16852_D;50;5;0;unknown;0
2025-07-02T23:03:00+02:00;16852_G;50;5;0;unknown;0
2025-07-02T23:03:00+02:00;16853_D;50;7;0;unknown;0
2025-07-02T23:03:00+02:00;16853_G;50;7;0;unknown;0
2025-07-02T23:03:00+02:00;16854_D;50;4;0;unknown;0
2025-07-02T23:03:00+02:00;16854_G;50;4;0;unknown;0
2025-07-02T23:03:00+02:00;16855_D;50;4;0;unknown;0
2025-07-02T23:03:00+02:00;16855_G;50;4;0;unknown;0
2025-07-02T23:03:00+02:00;16856_D;50;7;0;unknown;0
2025-07-02T23:03:00+02:00;16856_G;50;7;0;unknown;0
2025-07-02T23:03:00+02:00;16858_D;50;30;0;unknown;0
2025-07-02T23:03:00+02:00;16858_G;50;30;0;unknown;0
2025-07-02T23:03:00+02:00;16859_D;50;3;0;unknown;0
2025-07-02T23:03:00+02:00;16859_G;50;3;0;unknown;0
2025-07-02T23:03:00+02:00;16860_D;50;7;0;unknown;0
2025-07-02T23:03:00+02:00;16860_G;50;7;0;unknown;0
2025-07-02T23:03:00+02:00;1690_D;50;6;0;unknown;0
2025-07-02T23:03:00+02:00;1690_G;62;4;0;unknown;0
2025-07-02T23:03:00+02:00;16910_D;50;6;0;unknown;0
2025-07-02T23:03:00+02:00;16910_G;50;6;0;unknown;0
2025-07-02T23:03:00+02:00;16967;72;8;100;freeFlow;5
2025-07-02T23:03:00+02:00;16969;33;1;20;heavy;1
2025-07-02T23:03:00+02:00;16986;62;11;22;freeFlow;1
2025-07-02T23:03:00+02:00;16988;61;12;22;freeFlow;1
2025-07-02T23:03:00+02:00;16989;64;7;22;freeFlow;1
2025-07-02T23:03:00+02:00;16990;69;6;100;freeFlow;6
2025-07-02T23:03:00+02:00;16992;56;24;100;freeFlow;5
2025-07-02T23:03:00+02:00;16994;60;19;100;freeFlow;5
2025-07-02T23:03:00+02:00;17;90;2;0;unknown;0
2025-07-02T23:03:00+02:00;1721;62;2;0;unknown;0
2025-07-02T23:03:00+02:00;1722;62;2;0;unknown;0
2025-07-02T23:03:00+02:00;1723;50;3;0;unknown;0
2025-07-02T23:03:00+02:00;1724_D;80;7;0;unknown;0
2025-07-02T23:03:00+02:00;1724_G;80;7;0;unknown;0
2025-07-02T23:03:00+02:00;1732_D;62;1;0;unknown;0
2025-07-02T23:03:00+02:00;1732_G;50;2;0;unknown;0
2025-07-02T23:03:00+02:00;1733_D;62;1;0;unknown;0
2025-07-02T23:03:00+02:00;1733_G;50;1;0;unknown;0
2025-07-02T23:03:00+02:00;1734_D;62;6;0;unknown;0
2025-07-02T23:03:00+02:00;1734_G;50;7;0;unknown;0
2025-07-02T23:03:00+02:00;18337;50;2;0;unknown;0
2025-07-02T23:03:00+02:00;18391_D;80;3;0;unknown;0
2025-07-02T23:03:00+02:00;18391_G;80;3;52;freeFlow;1
2025-07-02T23:03:00+02:00;1853;90;26;60;freeFlow;1
2025-07-02T23:03:00+02:00;1855;86;6;75;freeFlow;2
2025-07-02T23:03:00+02:00;1856;77;11;75;freeFlow;2
2025-07-02T23:03:00+02:00;19040;44;2;60;freeFlow;1
2025-07-02T23:03:00+02:00;1910886;50;5;0;unknown;0
2025-07-02T23:03:00+02:00;1911185_D;70;16;0;unknown;0
2025-07-02T23:03:00+02:00;1911185_G;70;16;0;unknown;0
2025-07-02T23:03:00+02:00;1911398_D;30;2;0;unknown;0
2025-07-02T23:03:00+02:00;1911398_G;32;1;22;freeFlow;1
2025-07-02T23:03:00+02:00;1911404_D;37;2;25;freeFlow;1
2025-07-02T23:03:00+02:00;1911404_G;30;3;0;unknown;0
2025-07-02T23:03:00+02:00;1911418;59;4;100;freeFlow;7
2025-07-02T23:03:00+02:00;1911420;59;1;25;freeFlow;1
2025-07-02T23:03:00+02:00;1911448_D;70;27;0;unknown;0
2025-07-02T23:03:00+02:00;1911448_G;70;27;0;unknown;0
2025-07-02T23:03:00+02:00;1911623_D;37;5;25;freeFlow;1
2025-07-02T23:03:00+02:00;1911623_G;30;6;0;unknown;0
2025-07-02T23:03:00+02:00;19628;90;3;0;unknown;0
2025-07-02T23:03:00+02:00;19629;90;1;0;unknown;0
2025-07-02T23:03:00+02:00;19630;90;2;0;unknown;0
2025-07-02T23:03:00+02:00;19631;90;1;0;unknown;0
2025-07-02T23:03:00+02:00;19632;90;1;0;unknown;0
2025-07-02T23:03:00+02:00;19633;90;2;60;freeFlow;1
2025-07-02T23:03:00+02:00;19634;70;1;0;unknown;0
2025-07-02T23:03:00+02:00;19635;24;6;100;heavy;3
2025-07-02T23:03:00+02:00;19636;24;6;100;heavy;3
2025-07-02T23:03:00+02:00;19637;70;1;0;unknown;0
2025-07-02T23:03:00+02:00;19638;70;2;0;unknown;0
2025-07-02T23:03:00+02:00;19639;113;1;75;freeFlow;2
2025-07-02T23:03:00+02:00;19640;108;1;75;freeFlow;2
2025-07-02T23:03:00+02:00;19642;42;3;100;heavy;3
2025-07-02T23:03:00+02:00;19643;44;1;100;heavy;3
2025-07-02T23:03:00+02:00;19644;96;1;75;freeFlow;2
2025-07-02T23:03:00+02:00;19683;80;25;45;freeFlow;1
2025-07-02T23:03:00+02:00;19684;80;59;43;freeFlow;1
2025-07-02T23:03:00+02:00;19685;91;57;60;freeFlow;1
2025-07-02T23:03:00+02:00;19686;91;19;60;freeFlow;1
2025-07-02T23:03:00+02:00;198;75;61;73;freeFlow;3
2025-07-02T23:03:00+02:00;19825_D;81;40;46;freeFlow;1
2025-07-02T23:03:00+02:00;19825_G;79;41;30;freeFlow;2
2025-07-02T23:03:00+02:00;19828;41;3;42;freeFlow;1
2025-07-02T23:03:00+02:00;19830;41;3;42;freeFlow;1
2025-07-02T23:03:00+02:00;19832;81;2;42;freeFlow;1
2025-07-02T23:03:00+02:00;19833;49;2;60;freeFlow;1
2025-07-02T23:03:00+02:00;19841_D;80;18;0;unknown;0
2025-07-02T23:03:00+02:00;19841_G;71;21;20;freeFlow;1
2025-07-02T23:03:00+02:00;19842_D;80;5;0;unknown;0
2025-07-02T23:03:00+02:00;19842_G;71;5;20;freeFlow;1
2025-07-02T23:03:00+02:00;20525;60;3;60;freeFlow;1
2025-07-02T23:03:00+02:00;20526;60;2;60;freeFlow;1
2025-07-02T23:03:00+02:00;20527;46;4;38;heavy;1
2025-07-02T23:03:00+02:00;20528;46;3;38;heavy;1
2025-07-02T23:03:00+02:00;20590_D;88;92;60;freeFlow;1
2025-07-02T23:03:00+02:00;20590_G;88;93;35;freeFlow;1
2025-07-02T23:03:00+02:00;20760_D;67;22;60;freeFlow;1
2025-07-02T23:03:00+02:00;20760_G;51;29;40;freeFlow;1
2025-07-02T23:03:00+02:00;2216_D;80;38;0;unknown;0
2025-07-02T23:03:00+02:00;2216_G;80;38;0;unknown;0
2025-07-02T23:03:00+02:00;2218_D;80;27;0;unknown;0
2025-07-02T23:03:00+02:00;2218_G;80;27;0;unknown;0
2025-07-02T23:03:00+02:00;23984_D;46;1;32;heavy;1
2025-07-02T23:03:00+02:00;23984_G;50;1;60;heavy;1
2025-07-02T23:03:00+02:00;24143_D;40;10;30;heavy;1
2025-07-02T23:03:00+02:00;24143_G;67;6;60;freeFlow;1
2025-07-02T23:03:00+02:00;24147_D;57;67;31;freeFlow;1
2025-07-02T23:03:00+02:00;24147_G;51;75;60;heavy;1
2025-07-02T23:03:00+02:00;24148;46;3;32;freeFlow;1
2025-07-02T23:03:00+02:00;24149;52;3;60;freeFlow;1
2025-07-02T23:03:00+02:00;24150;46;3;32;freeFlow;1
2025-07-02T23:03:00+02:00;24151;50;3;60;freeFlow;1
2025-07-02T23:03:00+02:00;24153_D;72;13;32;freeFlow;1
2025-07-02T23:03:00+02:00;24153_G;65;14;60;freeFlow;1
2025-07-02T23:03:00+02:00;24176;86;19;60;freeFlow;1
2025-07-02T23:03:00+02:00;24178;108;10;57;freeFlow;1
2025-07-02T23:03:00+02:00;24179;95;21;57;freeFlow;1
2025-07-02T23:03:00+02:00;24181_D;57;3;60;freeFlow;1
2025-07-02T23:03:00+02:00;24181_G;53;3;27;freeFlow;1
2025-07-02T23:03:00+02:00;24182;108;11;57;freeFlow;1
2025-07-02T23:03:00+02:00;24184_D;52;11;60;freeFlow;1
2025-07-02T23:03:00+02:00;24184_G;53;11;27;freeFlow;1
2025-07-02T23:03:00+02:00;24259;42;3;60;freeFlow;1
2025-07-02T23:03:00+02:00;24260;45;4;27;freeFlow;1
2025-07-02T23:03:00+02:00;24261;36;3;30;freeFlow;1
2025-07-02T23:03:00+02:00;24262;42;4;60;freeFlow;1
2025-07-02T23:03:00+02:00;24264_D;67;1;60;freeFlow;1
2025-07-02T23:03:00+02:00;24264_G;30;2;30;heavy;1
2025-07-02T23:03:00+02:00;24265_D;42;1;60;freeFlow;1
2025-07-02T23:03:00+02:00;24265_G;45;1;27;freeFlow;1
2025-07-02T23:03:00+02:00;24274_D;48;10;27;freeFlow;1
2025-07-02T23:03:00+02:00;24274_G;47;10;60;freeFlow;1
2025-07-02T23:03:00+02:00;25687_D;44;5;32;freeFlow;1
2025-07-02T23:03:00+02:00;25687_G;23;9;60;freeFlow;1
2025-07-02T23:03:00+02:00;25929_D;44;19;32;heavy;1
2025-07-02T23:03:00+02:00;25929_G;57;15;22;freeFlow;1
2025-07-02T23:03:00+02:00;25930;65;2;68;freeFlow;2
2025-07-02T23:03:00+02:00;25931;50;4;64;heavy;2
2025-07-02T23:03:00+02:00;25932;75;2;35;freeFlow;1
2025-07-02T23:03:00+02:00;25933;33;4;22;heavy;1
2025-07-02T23:03:00+02:00;25934_D;46;5;35;heavy;1
2025-07-02T23:03:00+02:00;25934_G;53;5;22;heavy;1
2025-07-02T23:03:00+02:00;25944_D;80;4;0;unknown;0
2025-07-02T23:03:00+02:00;25944_G;63;4;60;freeFlow;1
2025-07-02T23:03:00+02:00;25946_D;65;13;58;freeFlow;2
2025-07-02T23:03:00+02:00;25946_G;80;10;0;unknown;0
2025-07-02T23:03:00+02:00;25947_D;63;30;60;freeFlow;1
2025-07-02T23:03:00+02:00;25947_G;33;57;22;heavy;1
2025-07-02T23:03:00+02:00;25988_D;44;7;32;freeFlow;1
2025-07-02T23:03:00+02:00;25988_G;37;8;60;freeFlow;1
2025-07-02T23:03:00+02:00;25989;44;3;32;freeFlow;1
2025-07-02T23:03:00+02:00;25990;42;2;48;freeFlow;2
2025-07-02T23:03:00+02:00;25991;30;3;48;heavy;2
2025-07-02T23:03:00+02:00;25992;44;3;72;freeFlow;2
2025-07-02T23:03:00+02:00;25993_D;44;2;32;freeFlow;1
2025-07-02T23:03:00+02:00;25993_G;44;2;60;freeFlow;1
2025-07-02T23:03:00+02:00;25994_D;44;5;32;freeFlow;1
2025-07-02T23:03:00+02:00;25994_G;33;6;25;heavy;1
2025-07-02T23:03:00+02:00;25995_D;44;1;32;freeFlow;1
2025-07-02T23:03:00+02:00;25995_G;48;1;25;freeFlow;1
2025-07-02T23:03:00+02:00;25996_D;44;5;32;freeFlow;1
2025-07-02T23:03:00+02:00;25996_G;51;4;25;freeFlow;1
2025-07-02T23:03:00+02:00;25997_D;44;1;32;freeFlow;1
2025-07-02T23:03:00+02:00;25997_G;56;1;25;freeFlow;1
2025-07-02T23:03:00+02:00;25998_D;44;12;32;freeFlow;1
2025-07-02T23:03:00+02:00;25998_G;57;9;25;freeFlow;1
2025-07-02T23:03:00+02:00;25999_D;44;9;32;freeFlow;1
2025-07-02T23:03:00+02:00;25999_G;58;7;25;freeFlow;1
2025-07-02T23:03:00+02:00;26000_D;44;9;32;heavy;1
2025-07-02T23:03:00+02:00;26000_G;57;7;25;freeFlow;1
2025-07-02T23:03:00+02:00;26001_D;44;1;32;heavy;1
2025-07-02T23:03:00+02:00;26001_G;57;1;25;freeFlow;1
2025-07-02T23:03:00+02:00;26002_D;44;10;32;heavy;1
2025-07-02T23:03:00+02:00;26002_G;80;5;0;unknown;0
2025-07-02T23:03:00+02:00;26023;73;3;38;freeFlow;1
2025-07-02T23:03:00+02:00;26024;93;50;60;freeFlow;1
2025-07-02T23:03:00+02:00;26025;86;75;59;freeFlow;1
2025-07-02T23:03:00+02:00;26041;13;25;100;congested;7
2025-07-02T23:03:00+02:00;26043;57;8;25;freeFlow;1
2025-07-02T23:03:00+02:00;26044;47;9;100;freeFlow;7
2025-07-02T23:03:00+02:00;26046;56;17;25;freeFlow;1
2025-07-02T23:03:00+02:00;26047;59;1;100;freeFlow;7
2025-07-02T23:03:00+02:00;26048;59;36;100;freeFlow;7
2025-07-02T23:03:00+02:00;26049;69;21;22;freeFlow;1
2025-07-02T23:03:00+02:00;26050;59;6;25;freeFlow;1
2025-07-02T23:03:00+02:00;26101_D;30;16;0;unknown;0
2025-07-02T23:03:00+02:00;26101_G;30;16;0;unknown;0
2025-07-02T23:03:00+02:00;26371_D;30;9;0;unknown;0
2025-07-02T23:03:00+02:00;26371_G;44;6;32;freeFlow;1
2025-07-02T23:03:00+02:00;26389_D;70;11;0;unknown;0
2025-07-02T23:03:00+02:00;26389_G;70;11;0;unknown;0
2025-07-02T23:03:00+02:00;26392_D;30;15;0;unknown;0
2025-07-02T23:03:00+02:00;26392_G;30;14;0;unknown;0
2025-07-02T23:03:00+02:00;26393;50;1;0;unknown;0
2025-07-02T23:03:00+02:00;26394;44;1;32;freeFlow;1
2025-07-02T23:03:00+02:00;26395;50;2;0;unknown;0
2025-07-02T23:03:00+02:00;26396;50;1;0;unknown;0
2025-07-02T23:03:00+02:00;26397_D;50;4;0;unknown;0
2025-07-02T23:03:00+02:00;26397_G;50;4;0;unknown;0
2025-07-02T23:03:00+02:00;26402_D;44;6;32;freeFlow;1
2025-07-02T23:03:00+02:00;26402_G;31;9;60;freeFlow;1
2025-07-02T23:03:00+02:00;26403_D;30;4;0;unknown;0
2025-07-02T23:03:00+02:00;26403_G;44;3;32;freeFlow;1
2025-07-02T23:03:00+02:00;26404_D;30;3;0;unknown;0
2025-07-02T23:03:00+02:00;26404_G;44;2;32;freeFlow;1
2025-07-02T23:03:00+02:00;26405_D;44;1;32;freeFlow;1
2025-07-02T23:03:00+02:00;26405_G;20;3;60;heavy;1
2025-07-02T23:03:00+02:00;26409_D;70;11;0;unknown;0
2025-07-02T23:03:00+02:00;26409_G;70;11;0;unknown;0
2025-07-02T23:03:00+02:00;26420_D;70;4;0;unknown;0
2025-07-02T23:03:00+02:00;26420_G;70;4;0;unknown;0
2025-07-02T23:03:00+02:00;26422_D;70;11;0;unknown;0
2025-07-02T23:03:00+02:00;26422_G;70;11;0;unknown;0
2025-07-02T23:03:00+02:00;26423_D;70;7;0;unknown;0
2025-07-02T23:03:00+02:00;26423_G;70;7;0;unknown;0
2025-07-02T23:03:00+02:00;26495_D;50;7;0;unknown;0
2025-07-02T23:03:00+02:00;26495_G;50;7;0;unknown;0
2025-07-02T23:03:00+02:00;26497_D;30;16;0;unknown;0
2025-07-02T23:03:00+02:00;26497_G;30;16;0;unknown;0
2025-07-02T23:03:00+02:00;26501;95;24;60;freeFlow;1
2025-07-02T23:03:00+02:00;26573;80;17;57;freeFlow;2
2025-07-02T23:03:00+02:00;26603_D;44;1;32;freeFlow;1
2025-07-02T23:03:00+02:00;26603_G;26;2;60;freeFlow;1
2025-07-02T23:03:00+02:00;26611_D;30;4;0;unknown;0
2025-07-02T23:03:00+02:00;26611_G;44;3;32;freeFlow;1
2025-07-02T23:03:00+02:00;26619;41;2;42;freeFlow;1
2025-07-02T23:03:00+02:00;26654;50;10;100;freeFlow;7
2025-07-02T23:03:00+02:00;26656;59;9;25;freeFlow;1
2025-07-02T23:03:00+02:00;26897_D;30;15;0;unknown;0
2025-07-02T23:03:00+02:00;26897_G;30;15;0;unknown;0
2025-07-02T23:03:00+02:00;27837_D;50;5;0;unknown;0
2025-07-02T23:03:00+02:00;27837_G;50;6;0;unknown;0
2025-07-02T23:03:00+02:00;28032;44;4;0;unknown;0
2025-07-02T23:03:00+02:00;28033;44;4;0;unknown;0
2025-07-02T23:03:00+02:00;282910_D;13;14;0;unknown;0
2025-07-02T23:03:00+02:00;282910_G;50;2;0;unknown;0
2025-07-02T23:03:00+02:00;28642_D;70;7;0;unknown;0
2025-07-02T23:03:00+02:00;28642_G;43;11;15;heavy;1
2025-07-02T23:03:00+02:00;28645_D;70;2;0;unknown;0
2025-07-02T23:03:00+02:00;28645_G;70;2;0;unknown;0
2025-07-02T23:03:00+02:00;28646_D;80;39;0;unknown;0
2025-07-02T23:03:00+02:00;28646_G;80;39;0;unknown;0
2025-07-02T23:03:00+02:00;28648_D;80;16;0;unknown;0
2025-07-02T23:03:00+02:00;28648_G;80;16;0;unknown;0
2025-07-02T23:03:00+02:00;28649_D;80;11;0;unknown;0
2025-07-02T23:03:00+02:00;28649_G;80;11;0;unknown;0
2025-07-02T23:03:00+02:00;28650_D;80;13;0;unknown;0
2025-07-02T23:03:00+02:00;28650_G;80;13;0;unknown;0
2025-07-02T23:03:00+02:00;28660_D;80;8;0;unknown;0
2025-07-02T23:03:00+02:00;28660_G;81;8;15;freeFlow;1
2025-07-02T23:03:00+02:00;28665_D;80;17;0;unknown;0
2025-07-02T23:03:00+02:00;28665_G;80;17;15;freeFlow;1
2025-07-02T23:03:00+02:00;28666_D;70;9;0;unknown;0
2025-07-02T23:03:00+02:00;28666_G;63;11;15;freeFlow;1
2025-07-02T23:03:00+02:00;28669_D;70;5;0;unknown;0
2025-07-02T23:03:00+02:00;28669_G;44;8;17;heavy;1
2025-07-02T23:03:00+02:00;28675_D;70;6;0;unknown;0
2025-07-02T23:03:00+02:00;28675_G;39;10;17;heavy;1
2025-07-02T23:03:00+02:00;28676_D;70;3;0;unknown;0
2025-07-02T23:03:00+02:00;28676_G;44;5;17;heavy;1
2025-07-02T23:03:00+02:00;28677_D;70;16;0;unknown;0
2025-07-02T23:03:00+02:00;28677_G;63;18;17;freeFlow;1
2025-07-02T23:03:00+02:00;28693_D;80;12;0;unknown;0
2025-07-02T23:03:00+02:00;28693_G;81;12;15;freeFlow;1
2025-07-02T23:03:00+02:00;28854;51;3;20;freeFlow;1
2025-07-02T23:03:00+02:00;28855;34;4;12;heavy;1
2025-07-02T23:03:00+02:00;28865_D;72;28;12;freeFlow;1
2025-07-02T23:03:00+02:00;28865_G;80;25;0;unknown;0
2025-07-02T23:03:00+02:00;28866_D;47;15;12;heavy;1
2025-07-02T23:03:00+02:00;28866_G;80;9;0;unknown;0
2025-07-02T23:03:00+02:00;28867;34;3;12;heavy;1
2025-07-02T23:03:00+02:00;28868;29;4;10;heavy;1
2025-07-02T23:03:00+02:00;29;85;17;55;freeFlow;1
2025-07-02T23:03:00+02:00;30;51;11;55;heavy;1
2025-07-02T23:03:00+02:00;30020_D;80;27;0;unknown;0
2025-07-02T23:03:00+02:00;30020_G;80;27;0;unknown;0
2025-07-02T23:03:00+02:00;30022;94;3;40;freeFlow;1
2025-07-02T23:03:00+02:00;30023;85;60;27;freeFlow;1
2025-07-02T23:03:00+02:00;30118;42;2;60;freeFlow;1
2025-07-02T23:03:00+02:00;30351_D;50;1;0;unknown;0
2025-07-02T23:03:00+02:00;30351_G;50;1;0;unknown;0
2025-07-02T23:03:00+02:00;30355_D;50;10;0;unknown;0
2025-07-02T23:03:00+02:00;30355_G;50;10;0;unknown;0
2025-07-02T23:03:00+02:00;30359_D;80;8;0;unknown;0
2025-07-02T23:03:00+02:00;30359_G;80;8;0;unknown;0
2025-07-02T23:03:00+02:00;30405;50;2;0;unknown;0
2025-07-02T23:03:00+02:00;30406;50;4;0;unknown;0
2025-07-02T23:03:00+02:00;30407;50;2;0;unknown;0
2025-07-02T23:03:00+02:00;30408;50;1;0;unknown;0
2025-07-02T23:03:00+02:00;30409;50;2;0;unknown;0
2025-07-02T23:03:00+02:00;30410_D;50;1;0;unknown;0
2025-07-02T23:03:00+02:00;30410_G;50;1;0;unknown;0
2025-07-02T23:03:00+02:00;30411_D;50;6;0;unknown;0
2025-07-02T23:03:00+02:00;30411_G;50;6;0;unknown;0
2025-07-02T23:03:00+02:00;30414_D;50;7;0;unknown;0
2025-07-02T23:03:00+02:00;30414_G;50;8;0;unknown;0
2025-07-02T23:03:00+02:00;30416_D;50;10;0;unknown;0
2025-07-02T23:03:00+02:00;30416_G;50;10;0;unknown;0
2025-07-02T23:03:00+02:00;30499_D;30;9;0;unknown;0
2025-07-02T23:03:00+02:00;30499_G;30;10;0;unknown;0
2025-07-02T23:03:00+02:00;30501_D;30;9;0;unknown;0
2025-07-02T23:03:00+02:00;30501_G;30;9;0;unknown;0
2025-07-02T23:03:00+02:00;30502_D;30;2;0;unknown;0
2025-07-02T23:03:00+02:00;30502_G;30;2;0;unknown;0
2025-07-02T23:03:00+02:00;30504_D;30;1;0;unknown;0
2025-07-02T23:03:00+02:00;30504_G;30;1;0;unknown;0
2025-07-02T23:03:00+02:00;30508;30;4;0;unknown;0
2025-07-02T23:03:00+02:00;30521_D;50;8;0;unknown;0
2025-07-02T23:03:00+02:00;30521_G;50;9;0;unknown;0
2025-07-02T23:03:00+02:00;30522_D;50;2;0;unknown;0
2025-07-02T23:03:00+02:00;30522_G;50;2;0;unknown;0
2025-07-02T23:03:00+02:00;30606_D;50;11;0;unknown;0
2025-07-02T23:03:00+02:00;30606_G;50;11;0;unknown;0
2025-07-02T23:03:00+02:00;30608_D;50;3;0;unknown;0
2025-07-02T23:03:00+02:00;30608_G;50;3;0;unknown;0
2025-07-02T23:03:00+02:00;30611_D;50;8;0;unknown;0
2025-07-02T23:03:00+02:00;30611_G;50;8;0;unknown;0
2025-07-02T23:03:00+02:00;31;103;4;55;freeFlow;1
2025-07-02T23:03:00+02:00;31286;24;6;60;heavy;1
2025-07-02T23:03:00+02:00;31287;50;1;0;unknown;0
2025-07-02T23:03:00+02:00;31288;50;4;0;unknown;0
2025-07-02T23:03:00+02:00;31289;50;2;0;unknown;0
2025-07-02T23:03:00+02:00;31300_D;50;1;0;unknown;0
2025-07-02T23:03:00+02:00;31300_G;24;2;60;heavy;1
2025-07-02T23:03:00+02:00;31302_D;50;1;0;unknown;0
2025-07-02T23:03:00+02:00;31302_G;50;1;0;unknown;0
2025-07-02T23:03:00+02:00;31304_D;24;46;60;heavy;1
2025-07-02T23:03:00+02:00;31305_D;50;15;0;unknown;0
2025-07-02T23:03:00+02:00;31305_G;24;31;75;heavy;2
2025-07-02T23:03:00+02:00;31361_D;50;1;0;unknown;0
2025-07-02T23:03:00+02:00;31361_G;32;1;75;heavy;2
2025-07-02T23:03:00+02:00;31444_D;80;31;0;unknown;0
2025-07-02T23:03:00+02:00;31444_G;80;31;0;unknown;0
2025-07-02T23:03:00+02:00;31448;80;1;0;unknown;0
2025-07-02T23:03:00+02:00;31449;80;2;0;unknown;0
2025-07-02T23:03:00+02:00;31450;80;2;0;unknown;0
2025-07-02T23:03:00+02:00;31451;80;1;0;unknown;0
2025-07-02T23:03:00+02:00;31453_D;80;20;0;unknown;0
2025-07-02T23:03:00+02:00;31453_G;80;20;0;unknown;0
2025-07-02T23:03:00+02:00;31511;82;18;59;freeFlow;1
2025-07-02T23:03:00+02:00;31512;103;23;65;freeFlow;2
2025-07-02T23:03:00+02:00;31513;55;40;52;heavy;2
2025-07-02T23:03:00+02:00;31515;42;3;60;freeFlow;1
2025-07-02T23:03:00+02:00;31517;50;2;0;unknown;0
2025-07-02T23:03:00+02:00;31520;42;2;60;freeFlow;1
2025-07-02T23:03:00+02:00;31522;42;4;60;freeFlow;1
2025-07-02T23:03:00+02:00;31523_D;50;4;0;unknown;0
2025-07-02T23:03:00+02:00;31523_G;49;4;60;freeFlow;1
2025-07-02T23:03:00+02:00;31530_D;80;5;0;unknown;0
2025-07-02T23:03:00+02:00;31530_G;80;5;0;unknown;0
2025-07-02T23:03:00+02:00;31532_D;80;2;0;unknown;0
2025-07-02T23:03:00+02:00;31532_G;80;2;0;unknown;0
2025-07-02T23:03:00+02:00;31534;78;5;60;freeFlow;1
2025-07-02T23:03:00+02:00;31536;72;13;72;freeFlow;2
2025-07-02T23:03:00+02:00;31550;94;10;40;freeFlow;1
2025-07-02T23:03:00+02:00;31551;94;8;40;freeFlow;1
2025-07-02T23:03:00+02:00;31553;78;13;30;freeFlow;1
2025-07-02T23:03:00+02:00;31557;70;5;0;unknown;0
2025-07-02T23:03:00+02:00;31558_D;50;23;0;unknown;0
2025-07-02T23:03:00+02:00;31558_G;31;37;73;heavy;2
2025-07-02T23:03:00+02:00;31559;50;9;0;unknown;0
2025-07-02T23:03:00+02:00;31561;50;7;0;unknown;0
2025-07-02T23:03:00+02:00;31562;64;6;57;freeFlow;1
2025-07-02T23:03:00+02:00;31563;64;6;73;freeFlow;2
2025-07-02T23:03:00+02:00;31568;65;6;57;freeFlow;1
2025-07-02T23:03:00+02:00;31569;68;8;57;freeFlow;1
2025-07-02T23:03:00+02:00;31583_D;50;15;0;unknown;0
2025-07-02T23:03:00+02:00;31583_G;66;11;20;freeFlow;1
2025-07-02T23:03:00+02:00;31670_D;50;9;0;unknown;0
2025-07-02T23:03:00+02:00;31670_G;50;9;0;unknown;0
2025-07-02T23:03:00+02:00;31672_D;52;38;25;freeFlow;1
2025-07-02T23:03:00+02:00;31672_G;70;28;0;unknown;0
2025-07-02T23:03:00+02:00;31673;108;12;60;freeFlow;1
2025-07-02T23:03:00+02:00;31674;108;12;60;freeFlow;1
2025-07-02T23:03:00+02:00;31708_D;30;6;0;unknown;0
2025-07-02T23:03:00+02:00;31708_G;27;6;20;freeFlow;1
2025-07-02T23:03:00+02:00;31709_D;30;12;0;unknown;0
2025-07-02T23:03:00+02:00;31709_G;36;10;20;freeFlow;1
2025-07-02T23:03:00+02:00;31716_D;30;7;0;unknown;0
2025-07-02T23:03:00+02:00;31716_G;32;6;22;freeFlow;1
2025-07-02T23:03:00+02:00;31717_D;30;17;0;unknown;0
2025-07-02T23:03:00+02:00;31717_G;32;16;22;freeFlow;1
2025-07-02T23:03:00+02:00;31720_D;30;4;0;unknown;0
2025-07-02T23:03:00+02:00;31720_G;24;5;22;freeFlow;1
2025-07-02T23:03:00+02:00;31722_D;30;9;25;freeFlow;1
2025-07-02T23:03:00+02:00;31722_G;30;9;0;unknown;0
2025-07-02T23:03:00+02:00;31723;50;4;0;unknown;0
2025-07-02T23:03:00+02:00;31724;37;5;25;freeFlow;1
2025-07-02T23:03:00+02:00;31725;50;4;0;unknown;0
2025-07-02T23:03:00+02:00;31726;50;4;0;unknown;0
2025-07-02T23:03:00+02:00;31727_D;37;9;25;freeFlow;1
2025-07-02T23:03:00+02:00;31727_G;30;12;0;unknown;0
2025-07-02T23:03:00+02:00;31878;80;2;0;unknown;0
2025-07-02T23:03:00+02:00;31879;42;4;0;unknown;0
2025-07-02T23:03:00+02:00;31880;71;3;42;freeFlow;1
2025-07-02T23:03:00+02:00;31881;62;5;42;freeFlow;1
2025-07-02T23:03:00+02:00;31882;63;2;60;freeFlow;1
2025-07-02T23:03:00+02:00;32;45;28;55;heavy;1
2025-07-02T23:03:00+02:00;32118;108;1;60;freeFlow;1
2025-07-02T23:03:00+02:00;32163_D;30;3;0;unknown;0
2025-07-02T23:03:00+02:00;32163_G;28;3;22;freeFlow;1
2025-07-02T23:03:00+02:00;32165_D;50;2;0;unknown;0
2025-07-02T23:03:00+02:00;32165_G;46;2;75;freeFlow;2
2025-07-02T23:03:00+02:00;32177_D;80;7;0;unknown;0
2025-07-02T23:03:00+02:00;32177_G;80;7;0;unknown;0
2025-07-02T23:03:00+02:00;32784_D;50;2;0;unknown;0
2025-07-02T23:03:00+02:00;32784_G;42;2;60;freeFlow;1
2025-07-02T23:03:00+02:00;32785;42;2;60;freeFlow;1
2025-07-02T23:03:00+02:00;32786;50;2;0;unknown;0
2025-07-02T23:03:00+02:00;32788;50;2;0;unknown;0
2025-07-02T23:03:00+02:00;32790;42;1;60;freeFlow;1
2025-07-02T23:03:00+02:00;32791;50;2;0;unknown;0
2025-07-02T23:03:00+02:00;32794;31;2;75;heavy;2
2025-07-02T23:03:00+02:00;32796;42;2;60;freeFlow;1
2025-07-02T23:03:00+02:00;33;90;28;0;unknown;0
2025-07-02T23:03:00+02:00;34;99;27;60;freeFlow;1
2025-07-02T23:03:00+02:00;34744;98;33;75;freeFlow;2
2025-07-02T23:03:00+02:00;34745;93;35;100;freeFlow;5
2025-07-02T23:03:00+02:00;34757_D;50;2;0;unknown;0
2025-07-02T23:03:00+02:00;34757_G;50;2;0;unknown;0
2025-07-02T23:03:00+02:00;34758_D;50;16;0;unknown;0
2025-07-02T23:03:00+02:00;34758_G;50;16;0;unknown;0
2025-07-02T23:03:00+02:00;35;94;56;60;freeFlow;1
2025-07-02T23:03:00+02:00;35072;86;30;100;freeFlow;4
2025-07-02T23:03:00+02:00;35077;95;44;75;freeFlow;2
2025-07-02T23:03:00+02:00;35086;81;50;100;freeFlow;5
2025-07-02T23:03:00+02:00;35092;34;8;10;heavy;1
2025-07-02T23:03:00+02:00;35096;87;19;100;freeFlow;4
2025-07-02T23:03:00+02:00;35098;98;38;75;freeFlow;2
2025-07-02T23:03:00+02:00;35103;60;13;48;freeFlow;1
2025-07-02T23:03:00+02:00;35869_D;50;1;0;unknown;0
2025-07-02T23:03:00+02:00;35869_G;50;1;0;unknown;0
2025-07-02T23:03:00+02:00;35870_D;50;11;0;unknown;0
2025-07-02T23:03:00+02:00;35870_G;50;11;0;unknown;0
2025-07-02T23:03:00+02:00;35940;30;10;0;unknown;0
2025-07-02T23:03:00+02:00;35942;30;2;0;unknown;0
2025-07-02T23:03:00+02:00;35943;30;2;0;unknown;0
2025-07-02T23:03:00+02:00;35944;30;3;0;unknown;0
2025-07-02T23:03:00+02:00;35945;30;3;0;unknown;0
2025-07-02T23:03:00+02:00;35946_D;30;2;0;unknown;0
2025-07-02T23:03:00+02:00;35946_G;30;2;0;unknown;0
2025-07-02T23:03:00+02:00;35947;30;10;0;unknown;0
2025-07-02T23:03:00+02:00;35948;30;8;0;unknown;0
2025-07-02T23:03:00+02:00;35949;30;7;0;unknown;0
2025-07-02T23:03:00+02:00;35950;30;12;0;unknown;0
2025-07-02T23:03:00+02:00;35951;30;5;0;unknown;0
2025-07-02T23:03:00+02:00;35952;30;11;0;unknown;0
2025-07-02T23:03:00+02:00;35953;50;2;0;unknown;0
2025-07-02T23:03:00+02:00;35954;50;2;0;unknown;0
2025-07-02T23:03:00+02:00;35955;50;2;0;unknown;0
2025-07-02T23:03:00+02:00;35956;50;1;0;unknown;0
2025-07-02T23:03:00+02:00;35957_D;30;2;0;unknown;0
2025-07-02T23:03:00+02:00;35957_G;30;2;0;unknown;0
2025-07-02T23:03:00+02:00;35959_D;30;2;0;unknown;0
2025-07-02T23:03:00+02:00;35959_G;30;1;0;unknown;0
2025-07-02T23:03:00+02:00;35960;30;11;0;unknown;0
2025-07-02T23:03:00+02:00;35961;30;16;0;unknown;0
2025-07-02T23:03:00+02:00;35962;30;12;0;unknown;0
2025-07-02T23:03:00+02:00;35963;30;6;0;unknown;0
2025-07-02T23:03:00+02:00;35964;30;6;0;unknown;0
2025-07-02T23:03:00+02:00;35965;30;20;0;unknown;0
2025-07-02T23:03:00+02:00;35971;30;20;0;unknown;0
2025-07-02T23:03:00+02:00;35972;30;11;0;unknown;0
2025-07-02T23:03:00+02:00;35973;30;8;0;unknown;0
2025-07-02T23:03:00+02:00;35985_D;42;2;60;freeFlow;1
2025-07-02T23:03:00+02:00;35985_G;42;2;60;freeFlow;1
2025-07-02T23:03:00+02:00;35986_D;17;42;60;heavy;1
2025-07-02T23:03:00+02:00;35986_G;50;15;0;unknown;0
2025-07-02T23:03:00+02:00;35994_D;21;2;60;heavy;1
2025-07-02T23:03:00+02:00;35994_G;30;1;0;unknown;0
2025-07-02T23:03:00+02:00;35998;50;4;0;unknown;0
2025-07-02T23:03:00+02:00;35999;50;4;0;unknown;0
2025-07-02T23:03:00+02:00;36000;50;4;0;unknown;0
2025-07-02T23:03:00+02:00;36001;50;4;0;unknown;0
2025-07-02T23:03:00+02:00;36003_D;50;1;0;unknown;0
2025-07-02T23:03:00+02:00;36003_G;50;1;0;unknown;0
2025-07-02T23:03:00+02:00;36004_D;50;42;0;unknown;0
2025-07-02T23:03:00+02:00;36004_G;50;42;0;unknown;0
2025-07-02T23:03:00+02:00;36005;30;2;0;unknown;0
2025-07-02T23:03:00+02:00;36006;30;3;0;unknown;0
2025-07-02T23:03:00+02:00;36007;30;2;0;unknown;0
2025-07-02T23:03:00+02:00;36010_D;30;1;0;unknown;0
2025-07-02T23:03:00+02:00;36010_G;30;1;0;unknown;0
2025-07-02T23:03:00+02:00;36011;30;10;0;unknown;0
2025-07-02T23:03:00+02:00;36012_D;30;2;0;unknown;0
2025-07-02T23:03:00+02:00;36012_G;30;2;0;unknown;0
2025-07-02T23:03:00+02:00;37200_D;30;8;0;unknown;0
2025-07-02T23:03:00+02:00;37200_G;107;2;12;freeFlow;1
2025-07-02T23:03:00+02:00;37201;107;2;12;freeFlow;1
2025-07-02T23:03:00+02:00;37202;50;6;0;unknown;0
2025-07-02T23:03:00+02:00;37203;37;14;45;freeFlow;1
2025-07-02T23:03:00+02:00;37204_D;50;2;0;unknown;0
2025-07-02T23:03:00+02:00;37204_G;36;3;45;freeFlow;1
2025-07-02T23:03:00+02:00;37205_D;50;4;0;unknown;0
2025-07-02T23:03:00+02:00;37205_G;39;5;45;freeFlow;1
2025-07-02T23:03:00+02:00;37206_D;50;10;0;unknown;0
2025-07-02T23:03:00+02:00;37206_G;41;12;45;freeFlow;1
2025-07-02T23:03:00+02:00;37207;50;1;0;unknown;0
2025-07-02T23:03:00+02:00;37208;42;3;42;freeFlow;1
2025-07-02T23:03:00+02:00;37209;50;2;0;unknown;0
2025-07-02T23:03:00+02:00;37210_D;50;1;0;unknown;0
2025-07-02T23:03:00+02:00;37210_G;42;1;42;freeFlow;1
2025-07-02T23:03:00+02:00;37211_D;50;53;0;unknown;0
2025-07-02T23:03:00+02:00;37211_G;54;49;42;freeFlow;1
2025-07-02T23:03:00+02:00;37239;30;6;0;unknown;0
2025-07-02T23:03:00+02:00;37240;30;5;0;unknown;0
2025-07-02T23:03:00+02:00;37241;30;6;0;unknown;0
2025-07-02T23:03:00+02:00;37242;107;2;12;freeFlow;1
2025-07-02T23:03:00+02:00;37243_D;50;2;0;unknown;0
2025-07-02T23:03:00+02:00;37243_G;50;2;0;unknown;0
2025-07-02T23:03:00+02:00;37244_D;30;2;0;unknown;0
2025-07-02T23:03:00+02:00;37244_G;30;2;0;unknown;0
2025-07-02T23:03:00+02:00;37246_D;30;3;0;unknown;0
2025-07-02T23:03:00+02:00;37246_G;107;1;12;freeFlow;1
2025-07-02T23:03:00+02:00;37422_D;50;19;0;unknown;0
2025-07-02T23:03:00+02:00;37422_G;50;19;0;unknown;0
2025-07-02T23:03:00+02:00;37467_D;50;8;0;unknown;0
2025-07-02T23:03:00+02:00;37467_G;50;8;0;unknown;0
2025-07-02T23:03:00+02:00;37508_D;50;21;0;unknown;0
2025-07-02T23:03:00+02:00;37508_G;50;21;0;unknown;0
2025-07-02T23:03:00+02:00;37509_D;50;2;0;unknown;0
2025-07-02T23:03:00+02:00;37509_G;50;1;0;unknown;0
2025-07-02T23:03:00+02:00;37564_D;70;22;0;unknown;0
2025-07-02T23:03:00+02:00;37564_G;70;22;0;unknown;0
2025-07-02T23:03:00+02:00;37565_D;70;12;0;unknown;0
2025-07-02T23:03:00+02:00;37565_G;70;12;0;unknown;0
2025-07-02T23:03:00+02:00;37586_D;50;1;0;unknown;0
2025-07-02T23:03:00+02:00;37586_G;50;1;0;unknown;0
2025-07-02T23:03:00+02:00;37588_D;70;8;0;unknown;0
2025-07-02T23:03:00+02:00;37588_G;70;8;0;unknown;0
2025-07-02T23:03:00+02:00;37620_D;70;1;0;unknown;0
2025-07-02T23:03:00+02:00;37620_G;70;1;0;unknown;0
2025-07-02T23:03:00+02:00;37621;42;4;60;freeFlow;1
2025-07-02T23:03:00+02:00;37622;42;5;60;freeFlow;1
2025-07-02T23:03:00+02:00;37625_D;50;18;0;unknown;0
2025-07-02T23:03:00+02:00;37625_G;50;18;0;unknown;0
2025-07-02T23:03:00+02:00;37665_D;50;2;0;unknown;0
2025-07-02T23:03:00+02:00;37665_G;62;1;60;freeFlow;1
2025-07-02T23:03:00+02:00;37667;54;23;0;unknown;0
2025-07-02T23:03:00+02:00;37668;49;8;32;freeFlow;1
2025-07-02T23:03:00+02:00;37673;50;7;0;unknown;0
2025-07-02T23:03:00+02:00;37686_D;30;21;0;unknown;0
2025-07-02T23:03:00+02:00;37686_G;30;21;0;unknown;0
2025-07-02T23:03:00+02:00;37702_D;19;14;57;heavy;1
2025-07-02T23:03:00+02:00;37702_G;50;5;0;unknown;0
2025-07-02T23:03:00+02:00;37706_D;50;1;0;unknown;0
2025-07-02T23:03:00+02:00;37706_G;17;3;55;heavy;1
2025-07-02T23:03:00+02:00;37707_D;50;1;0;unknown;0
2025-07-02T23:03:00+02:00;37707_G;54;1;60;freeFlow;1
2025-07-02T23:03:00+02:00;37708_D;30;31;0;unknown;0
2025-07-02T23:03:00+02:00;37708_G;24;39;60;freeFlow;1
2025-07-02T23:03:00+02:00;37712_D;30;6;0;unknown;0
2025-07-02T23:03:00+02:00;37712_G;51;4;60;freeFlow;1
2025-07-02T23:03:00+02:00;37724;38;4;0;unknown;0
2025-07-02T23:03:00+02:00;37725;40;2;0;unknown;0
2025-07-02T23:03:00+02:00;37726;38;3;0;unknown;0
2025-07-02T23:03:00+02:00;37727;18;6;50;heavy;1
2025-07-02T23:03:00+02:00;37728;50;2;0;unknown;0
2025-07-02T23:03:00+02:00;37729;55;101;17;heavy;2
2025-07-02T23:03:00+02:00;37730;31;5;10;heavy;1
2025-07-02T23:03:00+02:00;37732;60;60;21;heavy;1
2025-07-02T23:03:00+02:00;37737;83;49;69;freeFlow;3
2025-07-02T23:03:00+02:00;37738;37;2;32;heavy;1
2025-07-02T23:03:00+02:00;37739;37;4;32;heavy;1
2025-07-02T23:03:00+02:00;37740;37;4;32;heavy;1
2025-07-02T23:03:00+02:00;37741;35;1;32;heavy;1
2025-07-02T23:03:00+02:00;37742;44;3;32;heavy;1
2025-07-02T23:03:00+02:00;37743;49;3;32;freeFlow;1
2025-07-02T23:03:00+02:00;37744;43;4;0;unknown;0
2025-07-02T23:03:00+02:00;37745;43;2;0;unknown;0
2025-07-02T23:03:00+02:00;37749;107;36;31;freeFlow;1
2025-07-02T23:03:00+02:00;37750;92;29;60;freeFlow;1
2025-07-02T23:03:00+02:00;37751;70;14;0;unknown;0
2025-07-02T23:03:00+02:00;37752;95;6;60;freeFlow;1
2025-07-02T23:03:00+02:00;37753;107;24;30;freeFlow;1
2025-07-02T23:03:00+02:00;37784;50;2;0;unknown;0
2025-07-02T23:03:00+02:00;37785;50;2;0;unknown;0
2025-07-02T23:03:00+02:00;37786;50;2;0;unknown;0
2025-07-02T23:03:00+02:00;37787_D;70;21;0;unknown;0
2025-07-02T23:03:00+02:00;37787_G;70;22;0;unknown;0
2025-07-02T23:03:00+02:00;37818;89;52;53;freeFlow;1
2025-07-02T23:03:00+02:00;37819;107;52;32;freeFlow;1
2025-07-02T23:03:00+02:00;37822;90;9;0;unknown;0
2025-07-02T23:03:00+02:00;37826;50;1;0;unknown;0
2025-07-02T23:03:00+02:00;37827;29;1;10;heavy;1
2025-07-02T23:03:00+02:00;37941;111;44;70;freeFlow;3
2025-07-02T23:03:00+02:00;37947;99;7;100;freeFlow;4
2025-07-02T23:03:00+02:00;37948;90;77;60;freeFlow;1
2025-07-02T23:03:00+02:00;37949;100;69;100;freeFlow;5
2025-07-02T23:03:00+02:00;37950;83;9;60;freeFlow;1
2025-07-02T23:03:00+02:00;37970;89;16;100;freeFlow;5
2025-07-02T23:03:00+02:00;38;51;28;55;heavy;1
2025-07-02T23:03:00+02:00;38067;95;12;60;freeFlow;1
2025-07-02T23:03:00+02:00;38068;70;3;0;unknown;0
2025-07-02T23:03:00+02:00;38069;70;4;0;unknown;0
2025-07-02T23:03:00+02:00;38070;99;9;100;freeFlow;4
2025-07-02T23:03:00+02:00;38310;50;1;0;unknown;0
2025-07-02T23:03:00+02:00;38311;50;2;0;unknown;0
2025-07-02T23:03:00+02:00;38317;107;1;32;freeFlow;1
2025-07-02T23:03:00+02:00;38318;102;26;100;freeFlow;4
2025-07-02T23:03:00+02:00;38319;96;21;72;freeFlow;2
2025-07-02T23:03:00+02:00;38322;70;2;0;unknown;0
2025-07-02T23:03:00+02:00;38378_D;70;10;0;unknown;0
2025-07-02T23:03:00+02:00;38378_G;70;10;0;unknown;0
2025-07-02T23:03:00+02:00;38389_D;70;16;0;unknown;0
2025-07-02T23:03:00+02:00;38389_G;70;15;0;unknown;0
2025-07-02T23:03:00+02:00;39061;70;3;0;unknown;0
2025-07-02T23:03:00+02:00;39062;108;1;25;freeFlow;1
2025-07-02T23:03:00+02:00;39063;108;4;25;freeFlow;1
2025-07-02T23:03:00+02:00;39473;45;44;48;heavy;2
2025-07-02T23:03:00+02:00;39618;95;3;60;freeFlow;1
2025-07-02T23:03:00+02:00;39619;95;3;60;freeFlow;1
2025-07-02T23:03:00+02:00;39720_D;50;25;0;unknown;0
2025-07-02T23:03:00+02:00;39720_G;50;25;0;unknown;0
2025-07-02T23:03:00+02:00;39902_D;70;1;0;unknown;0
2025-07-02T23:03:00+02:00;39902_G;70;1;0;unknown;0
2025-07-02T23:03:00+02:00;39904_D;70;1;0;unknown;0
2025-07-02T23:03:00+02:00;39904_G;70;1;0;unknown;0
2025-07-02T23:03:00+02:00;39906_D;70;7;0;unknown;0
2025-07-02T23:03:00+02:00;39906_G;70;7;0;unknown;0
2025-07-02T23:03:00+02:00;40185_D;67;2;15;freeFlow;1
2025-07-02T23:03:00+02:00;40185_G;42;1;60;heavy;1
2025-07-02T23:03:00+02:00;40201;50;0;0;unknown;0
2025-07-02T23:03:00+02:00;40202;50;2;0;unknown;0
2025-07-02T23:03:00+02:00;40203;62;1;0;unknown;0
2025-07-02T23:03:00+02:00;40212_D;80;1;0;unknown;0
2025-07-02T23:03:00+02:00;40212_G;81;1;15;freeFlow;1
2025-07-02T23:03:00+02:00;40213_D;70;1;0;unknown;0
2025-07-02T23:03:00+02:00;40213_G;70;1;0;unknown;0
2025-07-02T23:03:00+02:00;41631_D;31;7;15;freeFlow;1
2025-07-02T23:03:00+02:00;41631_G;30;7;0;unknown;0
2025-07-02T23:03:00+02:00;41632_D;30;5;0;unknown;0
2025-07-02T23:03:00+02:00;41632_G;30;4;0;unknown;0
2025-07-02T23:03:00+02:00;41652_D;50;4;0;unknown;0
2025-07-02T23:03:00+02:00;41683_D;70;15;0;unknown;0
2025-07-02T23:03:00+02:00;41683_G;70;15;0;unknown;0
2025-07-02T23:03:00+02:00;41709_D;30;15;0;unknown;0
2025-07-02T23:03:00+02:00;41709_G;30;15;0;unknown;0
2025-07-02T23:03:00+02:00;41712_D;30;7;0;unknown;0
2025-07-02T23:03:00+02:00;41712_G;30;7;0;unknown;0
2025-07-02T23:03:00+02:00;41713_D;27;4;10;freeFlow;1
2025-07-02T23:03:00+02:00;41713_G;30;4;0;unknown;0
2025-07-02T23:03:00+02:00;41729;50;2;0;unknown;0
2025-07-02T23:03:00+02:00;41730;50;1;0;unknown;0
2025-07-02T23:03:00+02:00;41731;50;1;0;unknown;0
2025-07-02T23:03:00+02:00;41753_D;27;7;10;freeFlow;1
2025-07-02T23:03:00+02:00;41753_G;30;6;0;unknown;0
2025-07-02T23:03:00+02:00;41764_D;30;2;0;unknown;0
2025-07-02T23:03:00+02:00;41764_G;30;2;0;unknown;0
2025-07-02T23:03:00+02:00;41781;35;2;0;unknown;0
2025-07-02T23:03:00+02:00;41782;35;2;0;unknown;0
2025-07-02T23:03:00+02:00;41783;50;1;0;unknown;0
2025-07-02T23:03:00+02:00;41784;50;1;0;unknown;0
2025-07-02T23:03:00+02:00;41809_D;35;7;12;freeFlow;1
2025-07-02T23:03:00+02:00;41809_G;30;8;0;unknown;0
2025-07-02T23:03:00+02:00;41810_D;35;2;12;freeFlow;1
2025-07-02T23:03:00+02:00;41810_G;30;2;0;unknown;0
2025-07-02T23:03:00+02:00;41811_D;35;7;12;freeFlow;1
2025-07-02T23:03:00+02:00;41811_G;30;8;0;unknown;0
2025-07-02T23:03:00+02:00;41812_D;35;5;12;freeFlow;1
2025-07-02T23:03:00+02:00;41812_G;30;6;0;unknown;0
2025-07-02T23:03:00+02:00;41813_D;35;4;12;freeFlow;1
2025-07-02T23:03:00+02:00;41813_G;45;3;10;freeFlow;1
2025-07-02T23:03:00+02:00;41814_D;29;8;12;freeFlow;1
2025-07-02T23:03:00+02:00;41814_G;48;5;10;freeFlow;1
2025-07-02T23:03:00+02:00;41815_D;26;7;12;freeFlow;1
2025-07-02T23:03:00+02:00;41815_G;30;7;0;unknown;0
2025-07-02T23:03:00+02:00;41817_D;31;6;15;freeFlow;1
2025-07-02T23:03:00+02:00;41817_G;30;6;0;unknown;0
2025-07-02T23:03:00+02:00;41818_D;26;3;12;freeFlow;1
2025-07-02T23:03:00+02:00;41818_G;30;2;0;unknown;0
2025-07-02T23:03:00+02:00;42028;50;10;0;unknown;0
2025-07-02T23:03:00+02:00;42029;50;30;0;unknown;0
2025-07-02T23:03:00+02:00;42030;50;30;0;unknown;0
2025-07-02T23:03:00+02:00;42031;50;30;0;unknown;0
2025-07-02T23:03:00+02:00;42047;70;5;0;unknown;0
2025-07-02T23:03:00+02:00;42049;50;2;0;unknown;0
2025-07-02T23:03:00+02:00;42050;90;1;0;unknown;0
2025-07-02T23:03:00+02:00;42051;90;6;0;unknown;0
2025-07-02T23:03:00+02:00;42125_D;50;23;0;unknown;0
2025-07-02T23:03:00+02:00;42125_G;50;23;0;unknown;0
2025-07-02T23:03:00+02:00;42134;61;38;10;heavy;1
2025-07-02T23:03:00+02:00;42135;90;30;0;unknown;0
2025-07-02T23:03:00+02:00;42206_D;44;21;27;freeFlow;1
2025-07-02T23:03:00+02:00;42238_D;50;7;0;unknown;0
2025-07-02T23:03:00+02:00;42257;90;6;0;unknown;0
2025-07-02T23:03:00+02:00;42273_D;30;6;0;unknown;0
2025-07-02T23:03:00+02:00;42273_G;30;6;0;unknown;0
2025-07-02T23:03:00+02:00;42293_D;27;2;10;freeFlow;1
2025-07-02T23:03:00+02:00;42293_G;30;2;0;unknown;0
2025-07-02T23:03:00+02:00;42307_D;50;15;0;unknown;0
2025-07-02T23:03:00+02:00;42307_G;50;15;0;unknown;0
2025-07-02T23:03:00+02:00;42359;90;7;0;unknown;0
2025-07-02T23:03:00+02:00;42375;50;1;0;unknown;0
2025-07-02T23:03:00+02:00;42378_D;27;1;10;freeFlow;1
2025-07-02T23:03:00+02:00;42378_G;30;2;0;unknown;0
2025-07-02T23:03:00+02:00;42379;90;30;0;unknown;0
2025-07-02T23:03:00+02:00;42383;50;1;0;unknown;0
2025-07-02T23:03:00+02:00;42384;50;1;0;unknown;0
2025-07-02T23:03:00+02:00;42385;50;2;0;unknown;0
2025-07-02T23:03:00+02:00;42386;50;1;0;unknown;0
2025-07-02T23:03:00+02:00;42387;36;5;0;unknown;0
2025-07-02T23:03:00+02:00;42388;36;3;0;unknown;0
2025-07-02T23:03:00+02:00;42389;50;3;0;unknown;0
2025-07-02T23:03:00+02:00;42390;50;2;0;unknown;0
2025-07-02T23:03:00+02:00;42391;50;2;0;unknown;0
2025-07-02T23:03:00+02:00;42392;36;3;0;unknown;0
2025-07-02T23:03:00+02:00;42399;60;5;10;heavy;1
2025-07-02T23:03:00+02:00;42401_D;50;26;0;unknown;0
2025-07-02T23:03:00+02:00;42401_G;50;26;0;unknown;0
2025-07-02T23:03:00+02:00;42572;50;1;0;unknown;0
2025-07-02T23:03:00+02:00;42573;50;1;0;unknown;0
2025-07-02T23:03:00+02:00;42580;90;1;0;unknown;0
2025-07-02T23:03:00+02:00;42595_D;30;6;0;unknown;0
2025-07-02T23:03:00+02:00;42595_G;30;6;0;unknown;0
2025-07-02T23:03:00+02:00;42603;42;13;60;freeFlow;1
2025-07-02T23:03:00+02:00;42663_D;50;5;0;unknown;0
2025-07-02T23:03:00+02:00;42663_G;50;5;0;unknown;0
2025-07-02T23:03:00+02:00;42681_D;70;13;0;unknown;0
2025-07-02T23:03:00+02:00;42681_G;70;13;0;unknown;0
2025-07-02T23:03:00+02:00;42684_D;30;2;0;unknown;0
2025-07-02T23:03:00+02:00;42684_G;30;2;0;unknown;0
2025-07-02T23:03:00+02:00;42685;90;29;0;unknown;0
2025-07-02T23:03:00+02:00;42709_D;50;19;0;unknown;0
2025-07-02T23:03:00+02:00;42709_G;50;18;0;unknown;0
2025-07-02T23:03:00+02:00;42777_D;50;3;0;unknown;0
2025-07-02T23:03:00+02:00;42777_G;50;3;0;unknown;0
2025-07-02T23:03:00+02:00;42778_D;50;1;0;unknown;0
2025-07-02T23:03:00+02:00;42778_G;50;1;0;unknown;0
2025-07-02T23:03:00+02:00;42779;50;2;0;unknown;0
2025-07-02T23:03:00+02:00;42780_D;50;8;0;unknown;0
2025-07-02T23:03:00+02:00;42780_G;50;8;0;unknown;0
2025-07-02T23:03:00+02:00;42938_D;28;11;42;heavy;1
2025-07-02T23:03:00+02:00;42938_G;50;6;0;unknown;0
2025-07-02T23:03:00+02:00;42939_D;50;4;0;unknown;0
2025-07-02T23:03:00+02:00;42939_G;50;4;0;unknown;0
2025-07-02T23:03:00+02:00;42940_D;50;9;0;unknown;0
2025-07-02T23:03:00+02:00;42940_G;50;9;0;unknown;0
2025-07-02T23:03:00+02:00;42941_D;50;3;0;unknown;0
2025-07-02T23:03:00+02:00;42941_G;39;4;50;freeFlow;1
2025-07-02T23:03:00+02:00;42947_D;50;9;0;unknown;0
2025-07-02T23:03:00+02:00;42947_G;38;12;50;freeFlow;1
2025-07-02T23:03:00+02:00;42948_D;50;5;0;unknown;0
2025-07-02T23:03:00+02:00;42948_G;7;34;12;congested;1
2025-07-02T23:03:00+02:00;42949_D;50;5;0;unknown;0
2025-07-02T23:03:00+02:00;42949_G;28;9;12;heavy;1
2025-07-02T23:03:00+02:00;42978_D;28;19;42;heavy;1
2025-07-02T23:03:00+02:00;42978_G;50;11;0;unknown;0
2025-07-02T23:03:00+02:00;42979_D;28;5;42;heavy;1
2025-07-02T23:03:00+02:00;42979_G;50;3;0;unknown;0
2025-07-02T23:03:00+02:00;42983_D;50;8;0;unknown;0
2025-07-02T23:03:00+02:00;42983_G;50;8;0;unknown;0
2025-07-02T23:03:00+02:00;42999_D;49;12;0;unknown;0
2025-07-02T23:03:00+02:00;42999_G;50;12;0;unknown;0
2025-07-02T23:03:00+02:00;43000_D;49;5;0;unknown;0
2025-07-02T23:03:00+02:00;43000_G;50;5;0;unknown;0
2025-07-02T23:03:00+02:00;43001_D;39;5;0;unknown;0
2025-07-02T23:03:00+02:00;43001_G;50;4;0;unknown;0
2025-07-02T23:03:00+02:00;43003_D;43;3;0;unknown;0
2025-07-02T23:03:00+02:00;43003_G;50;3;0;unknown;0
2025-07-02T23:03:00+02:00;43027_D;50;5;0;unknown;0
2025-07-02T23:03:00+02:00;43027_G;50;5;0;unknown;0
2025-07-02T23:03:00+02:00;43029_D;50;8;0;unknown;0
2025-07-02T23:03:00+02:00;43029_G;33;12;12;heavy;1
2025-07-02T23:03:00+02:00;43046_D;50;6;0;unknown;0
2025-07-02T23:03:00+02:00;43046_G;50;6;0;unknown;0
2025-07-02T23:03:00+02:00;43047_D;50;4;0;unknown;0
2025-07-02T23:03:00+02:00;43047_G;50;3;0;unknown;0
2025-07-02T23:03:00+02:00;43048_D;50;5;0;unknown;0
2025-07-02T23:03:00+02:00;43048_G;50;5;0;unknown;0
2025-07-02T23:03:00+02:00;43049_D;28;4;42;freeFlow;1
2025-07-02T23:03:00+02:00;43049_G;30;4;0;unknown;0
2025-07-02T23:03:00+02:00;43050_D;28;6;42;heavy;1
2025-07-02T23:03:00+02:00;43050_G;50;3;0;unknown;0
2025-07-02T23:03:00+02:00;43099;17;5;60;heavy;1
2025-07-02T23:03:00+02:00;43352_G;30;16;0;unknown;0
2025-07-02T23:03:00+02:00;43451_D;30;15;0;unknown;0
2025-07-02T23:03:00+02:00;43481;50;14;0;unknown;0
2025-07-02T23:03:00+02:00;43627;50;13;0;unknown;0
2025-07-02T23:03:00+02:00;43658_D;50;4;0;unknown;0
2025-07-02T23:03:00+02:00;43658_G;29;6;60;heavy;1
2025-07-02T23:03:00+02:00;43718_D;50;3;0;unknown;0
2025-07-02T23:03:00+02:00;43718_G;50;3;0;unknown;0
2025-07-02T23:03:00+02:00;43719_D;50;9;0;unknown;0
2025-07-02T23:03:00+02:00;43719_G;50;9;0;unknown;0
2025-07-02T23:03:00+02:00;43720_D;50;4;0;unknown;0
2025-07-02T23:03:00+02:00;43720_G;50;4;0;unknown;0
2025-07-02T23:03:00+02:00;43724_D;32;12;42;heavy;1
2025-07-02T23:03:00+02:00;43724_G;50;8;0;unknown;0
2025-07-02T23:03:00+02:00;43733_D;39;5;0;unknown;0
2025-07-02T23:03:00+02:00;43733_G;50;4;0;unknown;0
2025-07-02T23:03:00+02:00;43736_D;50;4;0;unknown;0
2025-07-02T23:03:00+02:00;43736_G;50;4;0;unknown;0
2025-07-02T23:03:00+02:00;43739_D;50;6;0;unknown;0
2025-07-02T23:03:00+02:00;43739_G;50;7;0;unknown;0
2025-07-02T23:03:00+02:00;43740_D;50;6;0;unknown;0
2025-07-02T23:03:00+02:00;43740_G;50;6;0;unknown;0
2025-07-02T23:03:00+02:00;43741_D;50;1;0;unknown;0
2025-07-02T23:03:00+02:00;43741_G;50;0;0;unknown;0
2025-07-02T23:03:00+02:00;43742_D;50;7;0;unknown;0
2025-07-02T23:03:00+02:00;43742_G;50;7;0;unknown;0
2025-07-02T23:03:00+02:00;43743_G;50;25;0;unknown;0
2025-07-02T23:03:00+02:00;43744_D;50;5;0;unknown;0
2025-07-02T23:03:00+02:00;43744_G;50;5;0;unknown;0
2025-07-02T23:03:00+02:00;43748;30;7;0;unknown;0
2025-07-02T23:03:00+02:00;43757;50;2;0;unknown;0
2025-07-02T23:03:00+02:00;43758;50;6;0;unknown;0
2025-07-02T23:03:00+02:00;43786_D;50;12;0;unknown;0
2025-07-02T23:03:00+02:00;43786_G;44;14;50;freeFlow;1
2025-07-02T23:03:00+02:00;43787_D;50;3;0;unknown;0
2025-07-02T23:03:00+02:00;43787_G;33;4;48;heavy;1
2025-07-02T23:03:00+02:00;43788_D;50;2;0;unknown;0
2025-07-02T23:03:00+02:00;43788_G;52;2;45;freeFlow;1
2025-07-02T23:03:00+02:00;43789_D;50;5;0;unknown;0
2025-07-02T23:03:00+02:00;43789_G;54;5;45;freeFlow;1
2025-07-02T23:03:00+02:00;43790_D;50;5;0;unknown;0
2025-07-02T23:03:00+02:00;43790_G;55;4;45;freeFlow;1
2025-07-02T23:03:00+02:00;43791_D;50;3;0;unknown;0
2025-07-02T23:03:00+02:00;43791_G;54;3;45;freeFlow;1
2025-07-02T23:03:00+02:00;43792_D;50;7;0;unknown;0
2025-07-02T23:03:00+02:00;43792_G;51;6;45;freeFlow;1
2025-07-02T23:03:00+02:00;43814_D;11;67;38;congested;1
2025-07-02T23:03:00+02:00;43814_G;35;19;53;freeFlow;2
2025-07-02T23:03:00+02:00;43815_D;5;77;38;congested;1
2025-07-02T23:03:00+02:00;43815_G;42;9;35;freeFlow;1
2025-07-02T23:03:00+02:00;43817_D;50;14;0;unknown;0
2025-07-02T23:03:00+02:00;43817_G;50;14;0;unknown;0
2025-07-02T23:03:00+02:00;43819;37;12;60;freeFlow;1
2025-07-02T23:03:00+02:00;43821;50;5;0;unknown;0
2025-07-02T23:03:00+02:00;43828_D;50;11;0;unknown;0
2025-07-02T23:03:00+02:00;43828_G;10;56;48;congested;1
2025-07-02T23:03:00+02:00;43835_D;11;31;38;congested;1
2025-07-02T23:03:00+02:00;43835_G;44;8;35;freeFlow;1
2025-07-02T23:03:00+02:00;43836;50;10;0;unknown;0
2025-07-02T23:03:00+02:00;43871_D;50;4;0;unknown;0
2025-07-02T23:03:00+02:00;43871_G;8;26;45;congested;1
2025-07-02T23:03:00+02:00;43872_D;50;4;0;unknown;0
2025-07-02T23:03:00+02:00;43872_G;37;6;42;freeFlow;1
2025-07-02T23:03:00+02:00;43873_D;50;5;0;unknown;0
2025-07-02T23:03:00+02:00;43873_G;35;7;42;freeFlow;1
2025-07-02T23:03:00+02:00;43925_D;50;5;0;unknown;0
2025-07-02T23:03:00+02:00;43925_G;28;9;42;heavy;1
2025-07-02T23:03:00+02:00;43937_D;50;6;0;unknown;0
2025-07-02T23:03:00+02:00;43937_G;19;16;0;unknown;0
2025-07-02T23:03:00+02:00;43938_D;50;20;0;unknown;0
2025-07-02T23:03:00+02:00;43938_G;50;20;0;unknown;0
2025-07-02T23:03:00+02:00;43972;26;13;27;heavy;1
2025-07-02T23:03:00+02:00;43974;29;17;25;heavy;1
2025-07-02T23:03:00+02:00;43975;29;7;22;heavy;1
2025-07-02T23:03:00+02:00;44002_D;37;12;35;freeFlow;1
2025-07-02T23:03:00+02:00;44002_G;50;9;0;unknown;0
2025-07-02T23:03:00+02:00;44003_D;51;8;35;freeFlow;1
2025-07-02T23:03:00+02:00;44012;50;13;0;unknown;0
2025-07-02T23:03:00+02:00;44017_D;48;3;32;freeFlow;1
2025-07-02T23:03:00+02:00;44018_D;43;13;32;freeFlow;1
2025-07-02T23:03:00+02:00;44028;50;5;0;unknown;0
2025-07-02T23:03:00+02:00;44036_D;35;3;32;freeFlow;1
2025-07-02T23:03:00+02:00;44036_G;50;2;0;unknown;0
2025-07-02T23:03:00+02:00;44066;50;4;0;unknown;0
2025-07-02T23:03:00+02:00;44067;50;15;0;unknown;0
2025-07-02T23:03:00+02:00;44069;50;4;0;unknown;0
2025-07-02T23:03:00+02:00;44084_D;50;5;0;unknown;0
2025-07-02T23:03:00+02:00;44084_G;17;16;52;heavy;1
2025-07-02T23:03:00+02:00;44089_D;50;6;0;unknown;0
2025-07-02T23:03:00+02:00;44089_G;50;6;0;unknown;0
2025-07-02T23:03:00+02:00;44090_D;50;5;0;unknown;0
2025-07-02T23:03:00+02:00;44090_G;50;5;0;unknown;0
2025-07-02T23:03:00+02:00;44131;37;17;40;freeFlow;1
2025-07-02T23:03:00+02:00;44134;50;9;0;unknown;0
2025-07-02T23:03:00+02:00;44165_D;39;6;0;unknown;0
2025-07-02T23:03:00+02:00;44165_G;50;5;0;unknown;0
2025-07-02T23:03:00+02:00;44198_D;50;14;0;unknown;0
2025-07-02T23:03:00+02:00;44198_G;22;33;58;heavy;1
2025-07-02T23:03:00+02:00;44199_D;50;5;0;unknown;0
2025-07-02T23:03:00+02:00;44199_G;12;20;57;congested;1
2025-07-02T23:03:00+02:00;44231_D;50;5;0;unknown;0
2025-07-02T23:03:00+02:00;44231_G;71;4;60;freeFlow;1
2025-07-02T23:03:00+02:00;44232_D;50;4;0;unknown;0
2025-07-02T23:03:00+02:00;44232_G;80;3;60;freeFlow;1
2025-07-02T23:03:00+02:00;44234_D;50;7;0;unknown;0
2025-07-02T23:03:00+02:00;44234_G;62;6;60;freeFlow;1
2025-07-02T23:03:00+02:00;44259_D;50;2;0;unknown;0
2025-07-02T23:03:00+02:00;44259_G;38;3;60;freeFlow;2
2025-07-02T23:03:00+02:00;44260;50;8;0;unknown;0
2025-07-02T23:03:00+02:00;44261_D;50;9;0;unknown;0
2025-07-02T23:03:00+02:00;44261_G;45;10;60;freeFlow;2
2025-07-02T23:03:00+02:00;44293;50;5;0;unknown;0
2025-07-02T23:03:00+02:00;44303_D;50;2;0;unknown;0
2025-07-02T23:03:00+02:00;44303_G;50;2;0;unknown;0
2025-07-02T23:03:00+02:00;44304_D;50;9;0;unknown;0
2025-07-02T23:03:00+02:00;44304_G;50;9;0;unknown;0
2025-07-02T23:03:00+02:00;44322_D;50;44;0;unknown;0
2025-07-02T23:03:00+02:00;44322_G;78;29;60;freeFlow;1
2025-07-02T23:03:00+02:00;44328;50;10;0;unknown;0
2025-07-02T23:03:00+02:00;44583_D;50;7;0;unknown;0
2025-07-02T23:03:00+02:00;44583_G;29;12;52;heavy;1
2025-07-02T23:03:00+02:00;44584_D;50;10;0;unknown;0
2025-07-02T23:03:00+02:00;44584_G;36;13;52;freeFlow;1
2025-07-02T23:03:00+02:00;44632_D;50;20;0;unknown;0
2025-07-02T23:03:00+02:00;44632_G;50;20;0;unknown;0
2025-07-02T23:03:00+02:00;44694_D;50;12;0;unknown;0
2025-07-02T23:03:00+02:00;44694_G;43;14;45;freeFlow;1
2025-07-02T23:03:00+02:00;44695_D;50;2;0;unknown;0
2025-07-02T23:03:00+02:00;44695_G;42;2;45;freeFlow;1
2025-07-02T23:03:00+02:00;44711_D;50;13;0;unknown;0
2025-07-02T23:03:00+02:00;44711_G;52;12;45;freeFlow;1
2025-07-02T23:03:00+02:00;44712_D;50;5;0;unknown;0
2025-07-02T23:03:00+02:00;44712_G;51;5;45;freeFlow;1
2025-07-02T23:03:00+02:00;44714_D;50;1;0;unknown;0
2025-07-02T23:03:00+02:00;44714_G;52;1;45;freeFlow;1
2025-07-02T23:03:00+02:00;44736_D;50;2;0;unknown;0
2025-07-02T23:03:00+02:00;44736_G;36;3;52;freeFlow;1
2025-07-02T23:03:00+02:00;44868;70;6;0;unknown;0
2025-07-02T23:03:00+02:00;44873;50;3;0;unknown;0
2025-07-02T23:03:00+02:00;44874;56;7;35;freeFlow;1
2025-07-02T23:03:00+02:00;44875;50;8;0;unknown;0
2025-07-02T23:03:00+02:00;44877;53;8;38;freeFlow;1
2025-07-02T23:03:00+02:00;44878;70;13;0;unknown;0
2025-07-02T23:03:00+02:00;44880;93;16;75;freeFlow;2
2025-07-02T23:03:00+02:00;44882;93;10;100;freeFlow;3
2025-07-02T23:03:00+02:00;44884;95;14;35;freeFlow;1
2025-07-02T23:03:00+02:00;44900;70;22;0;unknown;0
2025-07-02T23:03:00+02:00;44902_D;50;33;0;unknown;0
2025-07-02T23:03:00+02:00;44902_G;50;33;0;unknown;0
2025-07-02T23:03:00+02:00;44905;68;10;38;freeFlow;1
2025-07-02T23:03:00+02:00;44920;94;2;75;freeFlow;2
2025-07-02T23:03:00+02:00;44942;55;20;60;freeFlow;1
2025-07-02T23:03:00+02:00;44948;93;11;100;freeFlow;3
2025-07-02T23:03:00+02:00;44961;23;14;100;freeFlow;4
2025-07-02T23:03:00+02:00;44962;30;8;0;unknown;0
2025-07-02T23:03:00+02:00;44963;50;2;0;unknown;0
2025-07-02T23:03:00+02:00;44966;92;11;75;freeFlow;2
2025-07-02T23:03:00+02:00;44974;27;5;100;heavy;4
2025-07-02T23:03:00+02:00;45012_D;50;1;0;unknown;0
2025-07-02T23:03:00+02:00;45012_G;32;2;45;heavy;1
2025-07-02T23:03:00+02:00;45028_D;50;17;0;unknown;0
2025-07-02T23:03:00+02:00;45028_G;76;11;60;freeFlow;1
2025-07-02T23:03:00+02:00;45029_D;50;7;0;unknown;0
2025-07-02T23:03:00+02:00;45029_G;86;4;60;freeFlow;1
2025-07-02T23:03:00+02:00;45106_D;50;3;0;unknown;0
2025-07-02T23:03:00+02:00;45106_G;76;2;60;freeFlow;1
2025-07-02T23:03:00+02:00;45136_D;50;16;0;unknown;0
2025-07-02T23:03:00+02:00;45149;50;10;0;unknown;0
2025-07-02T23:03:00+02:00;45166;50;1;0;unknown;0
2025-07-02T23:03:00+02:00;45169;45;2;57;freeFlow;1
2025-07-02T23:03:00+02:00;45236_G;50;10;0;unknown;0
2025-07-02T23:03:00+02:00;45238;50;12;0;unknown;0
2025-07-02T23:03:00+02:00;45239;63;8;60;freeFlow;1
2025-07-02T23:03:00+02:00;45240;88;6;60;freeFlow;1
2025-07-02T23:03:00+02:00;45241;94;1;60;freeFlow;1
2025-07-02T23:03:00+02:00;45305;90;3;0;unknown;0
2025-07-02T23:03:00+02:00;45306;90;7;0;unknown;0
2025-07-02T23:03:00+02:00;45327;94;6;38;freeFlow;1
2025-07-02T23:03:00+02:00;45486_D;43;5;15;freeFlow;1
2025-07-02T23:03:00+02:00;45487_D;34;7;15;heavy;1
2025-07-02T23:03:00+02:00;45630;59;19;77;heavy;4
2025-07-02T23:03:00+02:00;45645_D;37;15;0;unknown;0
2025-07-02T23:03:00+02:00;45651;50;3;0;unknown;0
2025-07-02T23:03:00+02:00;45761_D;0;776;75;congested;2
2025-07-02T23:03:00+02:00;45865_D;50;7;0;unknown;0
2025-07-02T23:03:00+02:00;46053_D;40;9;60;freeFlow;1
2025-07-02T23:03:00+02:00;46056_D;47;2;60;freeFlow;1
2025-07-02T23:03:00+02:00;46061;50;4;0;unknown;0
2025-07-02T23:03:00+02:00;46567_D;37;2;38;freeFlow;1
2025-07-02T23:03:00+02:00;46642;50;5;0;unknown;0
2025-07-02T23:03:00+02:00;46771;90;9;0;unknown;0
2025-07-02T23:03:00+02:00;46821_D;7;124;0;unknown;0
2025-07-02T23:03:00+02:00;46821_G;50;16;0;unknown;0
2025-07-02T23:03:00+02:00;46923_D;30;1;0;unknown;0
2025-07-02T23:03:00+02:00;46923_G;30;1;0;unknown;0
2025-07-02T23:03:00+02:00;46976;50;4;0;unknown;0
2025-07-02T23:03:00+02:00;47029;91;4;25;freeFlow;1
2025-07-02T23:03:00+02:00;47061;102;18;35;freeFlow;1
2025-07-02T23:03:00+02:00;47239;106;5;35;freeFlow;1
2025-07-02T23:03:00+02:00;47410;108;12;60;freeFlow;1
2025-07-02T23:03:00+02:00;47411;107;12;25;freeFlow;1
2025-07-02T23:03:00+02:00;47412;108;0;60;freeFlow;1
2025-07-02T23:03:00+02:00;47413;50;9;60;freeFlow;1
2025-07-02T23:03:00+02:00;47414;70;1;0;unknown;0
2025-07-02T23:03:00+02:00;47416;90;13;0;unknown;0
2025-07-02T23:03:00+02:00;47418;108;14;60;freeFlow;1
2025-07-02T23:03:00+02:00;47420;108;9;60;freeFlow;1
2025-07-02T23:03:00+02:00;47476;43;14;42;heavy;1
2025-07-02T23:03:00+02:00;47477;108;2;60;freeFlow;1
2025-07-02T23:03:00+02:00;47479;104;10;60;freeFlow;1
2025-07-02T23:03:00+02:00;47480;108;42;60;freeFlow;1
2025-07-02T23:03:00+02:00;47481;108;43;60;freeFlow;1
2025-07-02T23:03:00+02:00;47537_D;50;6;0;unknown;0
2025-07-02T23:03:00+02:00;47537_G;49;6;45;freeFlow;1
2025-07-02T23:03:00+02:00;47742_D;43;5;32;freeFlow;1
2025-07-02T23:03:00+02:00;48758;41;2;10;freeFlow;1
2025-07-02T23:03:00+02:00;48759;41;2;10;freeFlow;1
2025-07-02T23:03:00+02:00;48920_D;50;5;0;unknown;0
2025-07-02T23:03:00+02:00;48920_G;38;6;50;freeFlow;1
2025-07-02T23:03:00+02:00;489866_D;40;4;17;freeFlow;1
2025-07-02T23:03:00+02:00;489970;59;16;25;freeFlow;1
2025-07-02T23:03:00+02:00;489971;108;1;60;freeFlow;1
2025-07-02T23:03:00+02:00;489972;80;5;27;freeFlow;1
2025-07-02T23:03:00+02:00;490059_D;70;13;0;unknown;0
2025-07-02T23:03:00+02:00;490059_G;70;13;0;unknown;0
2025-07-02T23:03:00+02:00;490080_D;50;1;0;unknown;0
2025-07-02T23:03:00+02:00;490080_G;50;1;0;unknown;0
2025-07-02T23:03:00+02:00;49026;50;1;0;unknown;0
2025-07-02T23:03:00+02:00;49053;50;11;0;unknown;0
2025-07-02T23:03:00+02:00;490823;75;10;60;freeFlow;1
2025-07-02T23:03:00+02:00;490824;70;5;0;unknown;0
2025-07-02T23:03:00+02:00;490825;80;9;60;freeFlow;1
2025-07-02T23:03:00+02:00;490827;20;20;69;congested;2
2025-07-02T23:03:00+02:00;490828_D;30;17;0;unknown;0
2025-07-02T23:03:00+02:00;490828_G;55;9;60;freeFlow;1
2025-07-02T23:03:00+02:00;491005_D;50;3;0;unknown;0
2025-07-02T23:03:00+02:00;491005_G;88;2;60;freeFlow;1
2025-07-02T23:03:00+02:00;491126_D;8;54;0;unknown;0
2025-07-02T23:03:00+02:00;491126_G;35;13;71;freeFlow;2
2025-07-02T23:03:00+02:00;491135;40;3;0;unknown;0
2025-07-02T23:03:00+02:00;491141;35;2;0;unknown;0
2025-07-02T23:03:00+02:00;491300_D;50;13;0;unknown;0
2025-07-02T23:03:00+02:00;491300_G;44;15;57;freeFlow;2
2025-07-02T23:03:00+02:00;491308;28;2;60;heavy;2
2025-07-02T23:03:00+02:00;491320_D;50;6;0;unknown;0
2025-07-02T23:03:00+02:00;491320_G;39;7;60;freeFlow;2
2025-07-02T23:03:00+02:00;491326_D;50;11;0;unknown;0
2025-07-02T23:03:00+02:00;491326_G;43;12;60;freeFlow;2
2025-07-02T23:03:00+02:00;491329_D;50;4;0;unknown;0
2025-07-02T23:03:00+02:00;491329_G;38;5;60;freeFlow;2
2025-07-02T23:03:00+02:00;491490;7;30;60;congested;1
2025-07-02T23:03:00+02:00;491714_D;30;8;0;unknown;0
2025-07-02T23:03:00+02:00;491714_G;30;8;0;unknown;0
2025-07-02T23:03:00+02:00;491735_D;30;4;0;unknown;0
2025-07-02T23:03:00+02:00;491735_G;30;5;0;unknown;0
2025-07-02T23:03:00+02:00;491794_D;50;3;0;unknown;0
2025-07-02T23:03:00+02:00;491794_G;50;3;0;unknown;0
2025-07-02T23:03:00+02:00;491872;50;13;0;unknown;0
2025-07-02T23:03:00+02:00;491877;50;2;0;unknown;0
2025-07-02T23:03:00+02:00;491881;50;1;0;unknown;0
2025-07-02T23:03:00+02:00;491884;17;4;10;heavy;1
2025-07-02T23:03:00+02:00;491888;62;14;10;freeFlow;1
2025-07-02T23:03:00+02:00;491890;50;1;0;unknown;0
2025-07-02T23:03:00+02:00;491917;70;2;0;unknown;0
2025-07-02T23:03:00+02:00;49225_D;8;41;10;congested;1
2025-07-02T23:03:00+02:00;49225_G;50;6;0;unknown;0
2025-07-02T23:03:00+02:00;492315_D;50;29;0;unknown;0
2025-07-02T23:03:00+02:00;492315_G;50;29;0;unknown;0
2025-07-02T23:03:00+02:00;492351_D;6;22;17;congested;1
2025-07-02T23:03:00+02:00;492359_G;50;5;0;unknown;0
2025-07-02T23:03:00+02:00;492437;32;6;17;heavy;1
2025-07-02T23:03:00+02:00;492442;50;1;0;unknown;0
2025-07-02T23:03:00+02:00;492445_D;35;17;20;heavy;1
2025-07-02T23:03:00+02:00;492478;32;5;17;heavy;1
2025-07-02T23:03:00+02:00;492492;6;51;15;congested;1
2025-07-02T23:03:00+02:00;49315_D;50;4;0;unknown;0
2025-07-02T23:03:00+02:00;49315_G;41;5;50;freeFlow;1
2025-07-02T23:03:00+02:00;49943_D;50;14;0;unknown;0
2025-07-02T23:03:00+02:00;49943_G;50;14;0;unknown;0
2025-07-02T23:03:00+02:00;49947;50;4;0;unknown;0
2025-07-02T23:03:00+02:00;49958_D;50;5;0;unknown;0
2025-07-02T23:03:00+02:00;49958_G;48;6;45;freeFlow;1
2025-07-02T23:03:00+02:00;50308_D;34;8;17;heavy;1
2025-07-02T23:03:00+02:00;50441;91;3;25;freeFlow;1
2025-07-02T23:03:00+02:00;50525;32;7;42;heavy;1
2025-07-02T23:03:00+02:00;50571;31;3;27;heavy;1
2025-07-02T23:03:00+02:00;50625;30;7;27;heavy;1
2025-07-02T23:03:00+02:00;5064_D;70;7;0;unknown;0
2025-07-02T23:03:00+02:00;5064_G;55;9;60;freeFlow;1
2025-07-02T23:03:00+02:00;51419;38;20;40;freeFlow;1
2025-07-02T23:03:00+02:00;51474_D;50;1;0;unknown;0
2025-07-02T23:03:00+02:00;51474_G;47;1;45;freeFlow;1
2025-07-02T23:03:00+02:00;51798;91;1;25;freeFlow;1
2025-07-02T23:03:00+02:00;52107_D;50;9;0;unknown;0
2025-07-02T23:03:00+02:00;52107_G;50;10;0;unknown;0
2025-07-02T23:03:00+02:00;52129;50;6;0;unknown;0
2025-07-02T23:03:00+02:00;52835_D;16;10;48;heavy;1
2025-07-02T23:03:00+02:00;53020_D;51;2;32;freeFlow;1
2025-07-02T23:03:00+02:00;53327_D;50;7;0;unknown;0
2025-07-02T23:03:00+02:00;53327_G;52;7;42;freeFlow;1
2025-07-02T23:03:00+02:00;53411_G;20;18;20;heavy;1
2025-07-02T23:03:00+02:00;53428;87;54;60;freeFlow;1
2025-07-02T23:03:00+02:00;53539_D;50;4;0;unknown;0
2025-07-02T23:03:00+02:00;53566;50;2;0;unknown;0
2025-07-02T23:03:00+02:00;53623;51;2;20;freeFlow;1
2025-07-02T23:03:00+02:00;53624;51;1;20;freeFlow;1
2025-07-02T23:03:00+02:00;53625;50;1;0;unknown;0
2025-07-02T23:03:00+02:00;53634_D;30;2;0;unknown;0
2025-07-02T23:03:00+02:00;53634_G;21;3;60;heavy;1
2025-07-02T23:03:00+02:00;53641_D;50;9;0;unknown;0
2025-07-02T23:03:00+02:00;53641_G;50;9;0;unknown;0
2025-07-02T23:03:00+02:00;53652;50;15;0;unknown;0
2025-07-02T23:03:00+02:00;53659;11;17;52;congested;1
2025-07-02T23:03:00+02:00;53702;52;8;74;heavy;2
2025-07-02T23:03:00+02:00;53892;57;1;25;freeFlow;1
2025-07-02T23:03:00+02:00;53893;54;11;25;freeFlow;1
2025-07-02T23:03:00+02:00;53895;53;6;25;freeFlow;1
2025-07-02T23:03:00+02:00;53896;56;7;27;freeFlow;1
2025-07-02T23:03:00+02:00;53898;55;10;27;freeFlow;1
2025-07-02T23:03:00+02:00;53900;28;21;27;heavy;1
2025-07-02T23:03:00+02:00;53901;35;7;27;freeFlow;1
2025-07-02T23:03:00+02:00;53903;49;4;27;freeFlow;1
2025-07-02T23:03:00+02:00;53904;26;6;100;heavy;4
2025-07-02T23:03:00+02:00;53905;51;8;30;freeFlow;1
2025-07-02T23:03:00+02:00;53908;48;2;100;freeFlow;6
2025-07-02T23:03:00+02:00;53910;31;10;100;heavy;6
2025-07-02T23:03:00+02:00;53912;50;6;100;freeFlow;7
2025-07-02T23:03:00+02:00;53915;49;11;100;freeFlow;7
2025-07-02T23:03:00+02:00;53918;50;9;100;freeFlow;7
2025-07-02T23:03:00+02:00;53919;50;3;100;freeFlow;7
2025-07-02T23:03:00+02:00;53921;49;11;100;freeFlow;7
2025-07-02T23:03:00+02:00;53922;37;4;100;freeFlow;7
2025-07-02T23:03:00+02:00;53923;56;9;25;freeFlow;1
2025-07-02T23:03:00+02:00;53925_D;70;4;0;unknown;0
2025-07-02T23:03:00+02:00;53925_G;70;4;0;unknown;0
2025-07-02T23:03:00+02:00;53936;73;12;10;freeFlow;1
2025-07-02T23:03:00+02:00;53938;50;6;0;unknown;0
2025-07-02T23:03:00+02:00;53939;70;20;0;unknown;0
2025-07-02T23:03:00+02:00;53941;70;8;0;unknown;0
2025-07-02T23:03:00+02:00;53942;70;4;0;unknown;0
2025-07-02T23:03:00+02:00;53944;50;1;0;unknown;0
2025-07-02T23:03:00+02:00;53945;70;7;0;unknown;0
2025-07-02T23:03:00+02:00;53946;50;1;0;unknown;0
2025-07-02T23:03:00+02:00;53947;41;1;10;freeFlow;1
2025-07-02T23:03:00+02:00;53948;73;4;10;freeFlow;1
2025-07-02T23:03:00+02:00;53949;90;2;0;unknown;0
2025-07-02T23:03:00+02:00;53950;78;48;39;freeFlow;1
2025-07-02T23:03:00+02:00;53952_D;86;1;32;freeFlow;1
2025-07-02T23:03:00+02:00;53952_G;50;3;0;unknown;0
2025-07-02T23:03:00+02:00;53959;87;41;39;freeFlow;2
2025-07-02T23:03:00+02:00;53961;56;103;17;heavy;1
2025-07-02T23:03:00+02:00;53987;50;1;0;unknown;0
2025-07-02T23:03:00+02:00;53990;45;6;57;freeFlow;1
2025-07-02T23:03:00+02:00;54067;90;11;0;unknown;0
2025-07-02T23:03:00+02:00;54134;63;12;60;freeFlow;1
2025-07-02T23:03:00+02:00;54138;43;24;60;freeFlow;1
2025-07-02T23:03:00+02:00;54140;36;55;58;freeFlow;1
2025-07-02T23:03:00+02:00;54144;50;3;0;unknown;0
2025-07-02T23:03:00+02:00;54150;37;24;68;freeFlow;2
2025-07-02T23:03:00+02:00;54153;42;21;60;freeFlow;1
2025-07-02T23:03:00+02:00;54154;42;26;60;freeFlow;1
2025-07-02T23:03:00+02:00;54155;39;28;50;freeFlow;1
2025-07-02T23:03:00+02:00;54161;28;7;63;heavy;2
2025-07-02T23:03:00+02:00;54187_D;58;6;40;freeFlow;1
2025-07-02T23:03:00+02:00;54187_G;47;7;45;freeFlow;1
2025-07-02T23:03:00+02:00;54189_D;28;14;40;freeFlow;1
2025-07-02T23:03:00+02:00;54189_G;39;11;45;freeFlow;1
2025-07-02T23:03:00+02:00;54191_D;32;9;40;freeFlow;1
2025-07-02T23:03:00+02:00;54191_G;39;7;45;freeFlow;1
2025-07-02T23:03:00+02:00;54197;36;21;48;freeFlow;1
2025-07-02T23:03:00+02:00;54198;42;5;35;freeFlow;1
2025-07-02T23:03:00+02:00;54206;50;12;0;unknown;0
2025-07-02T23:03:00+02:00;54208;30;2;0;unknown;0
2025-07-02T23:03:00+02:00;54212;50;32;50;freeFlow;2
2025-07-02T23:03:00+02:00;54223_D;28;3;42;freeFlow;1
2025-07-02T23:03:00+02:00;54223_G;30;2;0;unknown;0
2025-07-02T23:03:00+02:00;54227;107;9;25;freeFlow;1
2025-07-02T23:03:00+02:00;54234;50;1;0;unknown;0
2025-07-02T23:03:00+02:00;54239;50;1;0;unknown;0
2025-07-02T23:03:00+02:00;54240;50;7;0;unknown;0
2025-07-02T23:03:00+02:00;54241;41;1;57;freeFlow;1
2025-07-02T23:03:00+02:00;54243;40;14;55;freeFlow;1
2025-07-02T23:03:00+02:00;54297;50;17;0;unknown;0
2025-07-02T23:03:00+02:00;54339;30;32;25;heavy;1
2025-07-02T23:03:00+02:00;54340;30;10;25;heavy;1
2025-07-02T23:03:00+02:00;54358_D;50;14;35;freeFlow;1
2025-07-02T23:03:00+02:00;54358_G;50;14;0;unknown;0
2025-07-02T23:03:00+02:00;54363;50;9;0;unknown;0
2025-07-02T23:03:00+02:00;54365;50;6;0;unknown;0
2025-07-02T23:03:00+02:00;54367;50;8;0;unknown;0
2025-07-02T23:03:00+02:00;54368;50;2;0;unknown;0
2025-07-02T23:03:00+02:00;54369;51;24;50;freeFlow;2
2025-07-02T23:03:00+02:00;54372;50;1;0;unknown;0
2025-07-02T23:03:00+02:00;54375;50;14;0;unknown;0
2025-07-02T23:03:00+02:00;54376;11;18;32;congested;1
2025-07-02T23:03:00+02:00;54378;15;21;100;heavy;4
2025-07-02T23:03:00+02:00;54381;34;9;30;heavy;1
2025-07-02T23:03:00+02:00;54382;45;5;60;freeFlow;1
2025-07-02T23:03:00+02:00;54383;47;18;100;freeFlow;6
2025-07-02T23:03:00+02:00;54384;48;5;60;freeFlow;1
2025-07-02T23:03:00+02:00;54385;13;21;30;congested;1
2025-07-02T23:03:00+02:00;54386;50;1;0;unknown;0
2025-07-02T23:03:00+02:00;54400;28;19;70;heavy;2
2025-07-02T23:03:00+02:00;54401;40;2;55;freeFlow;1
2025-07-02T23:03:00+02:00;54406;33;79;65;heavy;2
2025-07-02T23:03:00+02:00;54428_D;50;12;0;unknown;0
2025-07-02T23:03:00+02:00;54428_G;50;12;0;unknown;0
2025-07-02T23:03:00+02:00;54429_D;50;13;0;unknown;0
2025-07-02T23:03:00+02:00;54429_G;43;16;38;freeFlow;1
2025-07-02T23:03:00+02:00;54438_D;50;1;0;unknown;0
2025-07-02T23:03:00+02:00;54438_G;50;1;0;unknown;0
2025-07-02T23:03:00+02:00;54440_D;50;6;0;unknown;0
2025-07-02T23:03:00+02:00;54440_G;50;6;0;unknown;0
2025-07-02T23:03:00+02:00;54444_D;50;1;0;unknown;0
2025-07-02T23:03:00+02:00;54444_G;50;1;0;unknown;0
2025-07-02T23:03:00+02:00;54447_D;50;11;0;unknown;0
2025-07-02T23:03:00+02:00;54447_G;50;11;0;unknown;0
2025-07-02T23:03:00+02:00;54448_D;50;3;0;unknown;0
2025-07-02T23:03:00+02:00;54448_G;50;3;0;unknown;0
2025-07-02T23:03:00+02:00;54449_D;50;10;0;unknown;0
2025-07-02T23:03:00+02:00;54449_G;50;10;0;unknown;0
2025-07-02T23:03:00+02:00;54453_D;50;3;0;unknown;0
2025-07-02T23:03:00+02:00;54453_G;50;3;0;unknown;0
2025-07-02T23:03:00+02:00;54455;50;2;0;unknown;0
2025-07-02T23:03:00+02:00;54457;50;8;0;unknown;0
2025-07-02T23:03:00+02:00;54460;50;5;0;unknown;0
2025-07-02T23:03:00+02:00;54463_D;50;6;0;unknown;0
2025-07-02T23:03:00+02:00;54463_G;50;6;0;unknown;0
2025-07-02T23:03:00+02:00;54466_D;50;15;0;unknown;0
2025-07-02T23:03:00+02:00;54466_G;50;16;0;unknown;0
2025-07-02T23:03:00+02:00;54469;49;2;48;freeFlow;1
2025-07-02T23:03:00+02:00;54471;43;10;40;freeFlow;1
2025-07-02T23:03:00+02:00;54472;50;8;0;unknown;0
2025-07-02T23:03:00+02:00;54473;30;1;0;unknown;0
2025-07-02T23:03:00+02:00;54483;50;30;0;unknown;0
2025-07-02T23:03:00+02:00;54489;50;1;0;unknown;0
2025-07-02T23:03:00+02:00;54490;50;4;0;unknown;0
2025-07-02T23:03:00+02:00;54492;50;3;0;unknown;0
2025-07-02T23:03:00+02:00;54505;50;15;0;unknown;0
2025-07-02T23:03:00+02:00;54509;50;6;0;unknown;0
2025-07-02T23:03:00+02:00;54518;50;3;0;unknown;0
2025-07-02T23:03:00+02:00;54522;50;2;0;unknown;0
2025-07-02T23:03:00+02:00;54523;30;3;0;unknown;0
2025-07-02T23:03:00+02:00;54524;30;1;0;unknown;0
2025-07-02T23:03:00+02:00;54580_D;15;37;51;congested;2
2025-07-02T23:03:00+02:00;54877;27;28;40;heavy;1
2025-07-02T23:03:00+02:00;54879;50;15;0;unknown;0
2025-07-02T23:03:00+02:00;54880_D;50;20;0;unknown;0
2025-07-02T23:03:00+02:00;54880_G;36;28;38;freeFlow;1
2025-07-02T23:03:00+02:00;54882;25;3;38;freeFlow;1
2025-07-02T23:03:00+02:00;54883;25;2;38;freeFlow;1
2025-07-02T23:03:00+02:00;54884;30;1;0;unknown;0
2025-07-02T23:03:00+02:00;54885;30;1;0;unknown;0
2025-07-02T23:03:00+02:00;54886;30;3;0;unknown;0
2025-07-02T23:03:00+02:00;54887;25;3;38;freeFlow;1
2025-07-02T23:03:00+02:00;54888;25;1;38;freeFlow;1
2025-07-02T23:03:00+02:00;54889;25;2;38;freeFlow;1
2025-07-02T23:03:00+02:00;54988;31;4;100;heavy;4
2025-07-02T23:03:00+02:00;54989;37;47;100;heavy;4
2025-07-02T23:03:00+02:00;54990;108;1;75;freeFlow;2
2025-07-02T23:03:00+02:00;54991;90;19;60;freeFlow;1
2025-07-02T23:03:00+02:00;55467_D;50;13;0;unknown;0
2025-07-02T23:03:00+02:00;55467_G;50;12;0;unknown;0
2025-07-02T23:03:00+02:00;55570_D;50;3;0;unknown;0
2025-07-02T23:03:00+02:00;55570_G;50;3;0;unknown;0
2025-07-02T23:03:00+02:00;55589_D;35;7;40;freeFlow;1
2025-07-02T23:03:00+02:00;55589_G;39;6;48;freeFlow;1
2025-07-02T23:03:00+02:00;55591;50;1;0;unknown;0
2025-07-02T23:03:00+02:00;55592;50;1;0;unknown;0
2025-07-02T23:03:00+02:00;55593;50;1;0;unknown;0
2025-07-02T23:03:00+02:00;55595;41;1;48;freeFlow;1
2025-07-02T23:03:00+02:00;55596;41;1;48;freeFlow;1
2025-07-02T23:03:00+02:00;55597;41;1;48;freeFlow;1
2025-07-02T23:03:00+02:00;55702;50;6;0;unknown;0
2025-07-02T23:03:00+02:00;55704;50;17;0;unknown;0
2025-07-02T23:03:00+02:00;5576_D;80;4;0;unknown;0
2025-07-02T23:03:00+02:00;5576_G;80;4;0;unknown;0
2025-07-02T23:03:00+02:00;55881;91;0;25;freeFlow;1
2025-07-02T23:03:00+02:00;55900;91;1;25;freeFlow;1
2025-07-02T23:03:00+02:00;55929_D;21;20;48;heavy;2
2025-07-02T23:03:00+02:00;55929_G;50;8;0;unknown;0
2025-07-02T23:03:00+02:00;55976;40;3;45;freeFlow;1
2025-07-02T23:03:00+02:00;56024;50;20;0;unknown;0
2025-07-02T23:03:00+02:00;56131;50;2;0;unknown;0
2025-07-02T23:03:00+02:00;56257;30;7;0;unknown;0
2025-07-02T23:03:00+02:00;563566;50;3;0;unknown;0
2025-07-02T23:03:00+02:00;563571;50;6;0;unknown;0
2025-07-02T23:03:00+02:00;563844_D;70;12;0;unknown;0
2025-07-02T23:03:00+02:00;563844_G;70;12;60;freeFlow;1
2025-07-02T23:03:00+02:00;563846;50;6;0;unknown;0
2025-07-02T23:03:00+02:00;563903_D;50;34;0;unknown;0
2025-07-02T23:03:00+02:00;563903_G;50;34;0;unknown;0
2025-07-02T23:03:00+02:00;564067_D;80;16;0;unknown;0
2025-07-02T23:03:00+02:00;564067_G;80;16;0;unknown;0
2025-07-02T23:03:00+02:00;564195_D;62;7;0;unknown;0
2025-07-02T23:03:00+02:00;564195_G;50;9;0;unknown;0
2025-07-02T23:03:00+02:00;56441;50;5;0;unknown;0
2025-07-02T23:03:00+02:00;5651;29;2;50;heavy;1
2025-07-02T23:03:00+02:00;5652;45;1;50;freeFlow;1
2025-07-02T23:03:00+02:00;565232;30;4;0;unknown;0
2025-07-02T23:03:00+02:00;5653;27;2;60;heavy;1
2025-07-02T23:03:00+02:00;565374;50;41;0;unknown;0
2025-07-02T23:03:00+02:00;565376;50;42;0;unknown;0
2025-07-02T23:03:00+02:00;565393;90;53;0;unknown;0
2025-07-02T23:03:00+02:00;5654;27;2;60;heavy;1
2025-07-02T23:03:00+02:00;565682_D;67;14;17;freeFlow;1
2025-07-02T23:03:00+02:00;565682_G;48;19;60;heavy;1
2025-07-02T23:03:00+02:00;565731_D;30;3;0;unknown;0
2025-07-02T23:03:00+02:00;565731_G;55;1;60;freeFlow;1
2025-07-02T23:03:00+02:00;565732;71;1;60;freeFlow;1
2025-07-02T23:03:00+02:00;56584;45;5;45;freeFlow;1
2025-07-02T23:03:00+02:00;565854;70;14;0;unknown;0
2025-07-02T23:03:00+02:00;566176_D;80;14;0;unknown;0
2025-07-02T23:03:00+02:00;566176_G;80;14;0;unknown;0
2025-07-02T23:03:00+02:00;56619_D;50;8;0;unknown;0
2025-07-02T23:03:00+02:00;56619_G;107;4;12;freeFlow;1
2025-07-02T23:03:00+02:00;566287_D;30;16;0;unknown;0
2025-07-02T23:03:00+02:00;566287_G;30;16;0;unknown;0
2025-07-02T23:03:00+02:00;566302_D;50;1;0;unknown;0
2025-07-02T23:03:00+02:00;566302_G;50;1;0;unknown;0
2025-07-02T23:03:00+02:00;566303_D;50;15;0;unknown;0
2025-07-02T23:03:00+02:00;566303_G;50;15;0;unknown;0
2025-07-02T23:03:00+02:00;5663_D;80;33;0;unknown;0
2025-07-02T23:03:00+02:00;5663_G;65;40;52;freeFlow;1
2025-07-02T23:03:00+02:00;566407_D;58;1;40;freeFlow;1
2025-07-02T23:03:00+02:00;566407_G;47;2;45;freeFlow;1
2025-07-02T23:03:00+02:00;566417_D;58;2;40;freeFlow;1
2025-07-02T23:03:00+02:00;566417_G;45;3;45;freeFlow;1
2025-07-02T23:03:00+02:00;566419;50;1;0;unknown;0
2025-07-02T23:03:00+02:00;566481;50;1;0;unknown;0
2025-07-02T23:03:00+02:00;566482;50;1;0;unknown;0
2025-07-02T23:03:00+02:00;566483;102;111;100;freeFlow;4
2025-07-02T23:03:00+02:00;566484;50;0;0;unknown;0
2025-07-02T23:03:00+02:00;5664_D;80;2;52;freeFlow;1
2025-07-02T23:03:00+02:00;5664_G;80;2;0;unknown;0
2025-07-02T23:03:00+02:00;566573_D;50;2;0;unknown;0
2025-07-02T23:03:00+02:00;566573_G;107;1;12;freeFlow;1
2025-07-02T23:03:00+02:00;566599_D;30;1;0;unknown;0
2025-07-02T23:03:00+02:00;566599_G;30;1;0;unknown;0
2025-07-02T23:03:00+02:00;566706_D;50;3;0;unknown;0
2025-07-02T23:03:00+02:00;566706_G;50;4;0;unknown;0
2025-07-02T23:03:00+02:00;56676_G;50;4;0;unknown;0
2025-07-02T23:03:00+02:00;566850;42;3;60;freeFlow;1
2025-07-02T23:03:00+02:00;566924_D;50;6;0;unknown;0
2025-07-02T23:03:00+02:00;566924_G;50;6;0;unknown;0
2025-07-02T23:03:00+02:00;566942;32;1;42;heavy;1
2025-07-02T23:03:00+02:00;56872;95;22;100;freeFlow;3
2025-07-02T23:03:00+02:00;56874;69;7;50;freeFlow;2
2025-07-02T23:03:00+02:00;56886;50;51;0;unknown;0
2025-07-02T23:03:00+02:00;56914;28;6;30;heavy;1
2025-07-02T23:03:00+02:00;56926;99;3;38;freeFlow;1
2025-07-02T23:03:00+02:00;57009;84;4;100;freeFlow;3
2025-07-02T23:03:00+02:00;57011;90;7;75;freeFlow;2
2025-07-02T23:03:00+02:00;57012;50;8;0;unknown;0
2025-07-02T23:03:00+02:00;57082_D;30;9;0;unknown;0
2025-07-02T23:03:00+02:00;57360_D;30;5;0;unknown;0
2025-07-02T23:03:00+02:00;57360_G;26;7;20;freeFlow;1
2025-07-02T23:03:00+02:00;57362_D;30;4;0;unknown;0
2025-07-02T23:03:00+02:00;57362_G;27;3;20;freeFlow;1
2025-07-02T23:03:00+02:00;57368_D;30;7;0;unknown;0
2025-07-02T23:03:00+02:00;57368_G;27;8;20;freeFlow;1
2025-07-02T23:03:00+02:00;57378_D;50;3;0;unknown;0
2025-07-02T23:03:00+02:00;57378_G;50;3;0;unknown;0
2025-07-02T23:03:00+02:00;62549;26;2;32;heavy;1
2025-07-02T23:03:00+02:00;62550;26;2;32;heavy;1
2025-07-02T23:03:00+02:00;62617_D;50;9;0;unknown;0
2025-07-02T23:03:00+02:00;62617_G;50;9;0;unknown;0
2025-07-02T23:03:00+02:00;62948_D;30;5;0;unknown;0
2025-07-02T23:03:00+02:00;62948_G;36;5;45;freeFlow;1
2025-07-02T23:03:00+02:00;63039;50;3;100;freeFlow;7
2025-07-02T23:03:00+02:00;63203_D;30;26;0;unknown;0
2025-07-02T23:03:00+02:00;63203_G;30;26;0;unknown;0
2025-07-02T23:03:00+02:00;63308;50;2;0;unknown;0
2025-07-02T23:03:00+02:00;63895_D;30;5;0;unknown;0
2025-07-02T23:03:00+02:00;63895_G;44;3;32;freeFlow;1
2025-07-02T23:03:00+02:00;63903;108;1;60;freeFlow;1
2025-07-02T23:03:00+02:00;63917;70;2;0;unknown;0
2025-07-02T23:03:00+02:00;63954_D;30;6;0;unknown;0
2025-07-02T23:03:00+02:00;63954_G;30;5;0;unknown;0
2025-07-02T23:03:00+02:00;63961_D;30;2;0;unknown;0
2025-07-02T23:03:00+02:00;63961_G;30;2;0;unknown;0
2025-07-02T23:03:00+02:00;63963_D;30;15;0;unknown;0
2025-07-02T23:03:00+02:00;63963_G;55;8;60;freeFlow;1
2025-07-02T23:03:00+02:00;63974;58;7;60;freeFlow;1
2025-07-02T23:03:00+02:00;64028;50;2;0;unknown;0
2025-07-02T23:03:00+02:00;64029;90;1;0;unknown;0
2025-07-02T23:03:00+02:00;64033;50;3;0;unknown;0
2025-07-02T23:03:00+02:00;64034;86;1;32;freeFlow;1
2025-07-02T23:03:00+02:00;64035;50;2;0;unknown;0
2025-07-02T23:03:00+02:00;64104_D;50;2;0;unknown;0
2025-07-02T23:03:00+02:00;64104_G;50;2;0;unknown;0
2025-07-02T23:03:00+02:00;6421;83;28;0;unknown;0
2025-07-02T23:03:00+02:00;6422;110;6;0;unknown;0
2025-07-02T23:03:00+02:00;6423;110;12;0;unknown;0
2025-07-02T23:03:00+02:00;6424;110;27;0;unknown;0
2025-07-02T23:03:00+02:00;64792_D;50;13;0;unknown;0
2025-07-02T23:03:00+02:00;64792_G;50;13;0;unknown;0
2025-07-02T23:03:00+02:00;64862_D;50;10;0;unknown;0
2025-07-02T23:03:00+02:00;64862_G;50;10;0;unknown;0
2025-07-02T23:03:00+02:00;65281;91;1;25;freeFlow;1
2025-07-02T23:03:00+02:00;65283;91;1;25;freeFlow;1
2025-07-02T23:03:00+02:00;65293;91;2;25;freeFlow;1
2025-07-02T23:03:00+02:00;65961_D;50;27;0;unknown;0
2025-07-02T23:03:00+02:00;65961_G;50;27;0;unknown;0
2025-07-02T23:03:00+02:00;65966_D;50;1;0;unknown;0
2025-07-02T23:03:00+02:00;65966_G;50;1;0;unknown;0
2025-07-02T23:03:00+02:00;66020;80;0;100;freeFlow;3
2025-07-02T23:03:00+02:00;6615_D;80;7;0;unknown;0
2025-07-02T23:03:00+02:00;6615_G;80;7;0;unknown;0
2025-07-02T23:03:00+02:00;6616;80;1;0;unknown;0
2025-07-02T23:03:00+02:00;6619;80;1;0;unknown;0
2025-07-02T23:03:00+02:00;6620;80;3;0;unknown;0
2025-07-02T23:03:00+02:00;6621;80;1;0;unknown;0
2025-07-02T23:03:00+02:00;6622;80;1;0;unknown;0
2025-07-02T23:03:00+02:00;6623;80;1;0;unknown;0
2025-07-02T23:03:00+02:00;6628_D;50;17;0;unknown;0
2025-07-02T23:03:00+02:00;6628_G;50;17;0;unknown;0
2025-07-02T23:03:00+02:00;6629_D;50;20;0;unknown;0
2025-07-02T23:03:00+02:00;6629_G;50;19;0;unknown;0
2025-07-02T23:03:00+02:00;6643;80;8;0;unknown;0
2025-07-02T23:03:00+02:00;6644;80;8;0;unknown;0
2025-07-02T23:03:00+02:00;6645;50;2;0;unknown;0
2025-07-02T23:03:00+02:00;6646;50;1;0;unknown;0
2025-07-02T23:03:00+02:00;6647;50;1;0;unknown;0
2025-07-02T23:03:00+02:00;6648;50;2;0;unknown;0
2025-07-02T23:03:00+02:00;6649;50;2;0;unknown;0
2025-07-02T23:03:00+02:00;6650;50;3;0;unknown;0
2025-07-02T23:03:00+02:00;6651;50;3;0;unknown;0
2025-07-02T23:03:00+02:00;6669_D;80;62;0;unknown;0
2025-07-02T23:03:00+02:00;6669_G;80;62;0;unknown;0
2025-07-02T23:03:00+02:00;67069;50;3;0;unknown;0
2025-07-02T23:03:00+02:00;67223_D;30;2;0;unknown;0
2025-07-02T23:03:00+02:00;67223_G;30;2;0;unknown;0
2025-07-02T23:03:00+02:00;67229_D;44;9;66;freeFlow;2
2025-07-02T23:03:00+02:00;67229_G;30;14;0;unknown;0
2025-07-02T23:03:00+02:00;6723;110;7;0;unknown;0
2025-07-02T23:03:00+02:00;67324_D;80;12;0;unknown;0
2025-07-02T23:03:00+02:00;67324_G;80;12;0;unknown;0
2025-07-02T23:03:00+02:00;67330;30;2;0;unknown;0
2025-07-02T23:03:00+02:00;67332;30;3;0;unknown;0
2025-07-02T23:03:00+02:00;67334;30;1;0;unknown;0
2025-07-02T23:03:00+02:00;67340;30;2;0;unknown;0
2025-07-02T23:03:00+02:00;67341;30;10;0;unknown;0
2025-07-02T23:03:00+02:00;67344;30;6;0;unknown;0
2025-07-02T23:03:00+02:00;67352_D;30;13;0;unknown;0
2025-07-02T23:03:00+02:00;67352_G;30;12;0;unknown;0
2025-07-02T23:03:00+02:00;67380_D;50;16;0;unknown;0
2025-07-02T23:03:00+02:00;67380_G;43;19;75;freeFlow;2
2025-07-02T23:03:00+02:00;67385;46;2;75;freeFlow;2
2025-07-02T23:03:00+02:00;67389_D;50;1;0;unknown;0
2025-07-02T23:03:00+02:00;67389_G;50;1;0;unknown;0
2025-07-02T23:03:00+02:00;67390;50;2;0;unknown;0
2025-07-02T23:03:00+02:00;67391;50;3;0;unknown;0
2025-07-02T23:03:00+02:00;67392;52;3;60;freeFlow;1
2025-07-02T23:03:00+02:00;67511_D;30;4;0;unknown;0
2025-07-02T23:03:00+02:00;67511_G;30;4;0;unknown;0
2025-07-02T23:03:00+02:00;67514_D;30;6;0;unknown;0
2025-07-02T23:03:00+02:00;67514_G;30;6;0;unknown;0
2025-07-02T23:03:00+02:00;67611;30;6;0;unknown;0
2025-07-02T23:03:00+02:00;67816;30;1;0;unknown;0
2025-07-02T23:03:00+02:00;67819_D;30;1;0;unknown;0
2025-07-02T23:03:00+02:00;67819_G;55;1;60;freeFlow;1
2025-07-02T23:03:00+02:00;67820;30;1;0;unknown;0
2025-07-02T23:03:00+02:00;67821;55;1;60;freeFlow;1
2025-07-02T23:03:00+02:00;67823;30;8;0;unknown;0
2025-07-02T23:03:00+02:00;67824;50;9;0;unknown;0
2025-07-02T23:03:00+02:00;67829;50;10;0;unknown;0
2025-07-02T23:03:00+02:00;67892_D;50;5;0;unknown;0
2025-07-02T23:03:00+02:00;67892_G;46;5;75;freeFlow;2
2025-07-02T23:03:00+02:00;68069;50;8;0;unknown;0
2025-07-02T23:03:00+02:00;68070;50;1;0;unknown;0
2025-07-02T23:03:00+02:00;68815;17;6;60;heavy;1
2025-07-02T23:03:00+02:00;69060;30;3;0;unknown;0
2025-07-02T23:03:00+02:00;69061;30;4;0;unknown;0
2025-07-02T23:03:00+02:00;69062;30;2;0;unknown;0
2025-07-02T23:03:00+02:00;69063;30;1;0;unknown;0
2025-07-02T23:03:00+02:00;69064_D;30;1;0;unknown;0
2025-07-02T23:03:00+02:00;69064_G;30;1;0;unknown;0
2025-07-02T23:03:00+02:00;69270_D;12;9;57;congested;1
2025-07-02T23:03:00+02:00;69270_G;50;1;0;unknown;0
2025-07-02T23:03:00+02:00;69277;30;3;0;unknown;0
2025-07-02T23:03:00+02:00;69464;30;1;0;unknown;0
2025-07-02T23:03:00+02:00;69467;30;2;0;unknown;0
2025-07-02T23:03:00+02:00;69493;50;13;0;unknown;0
2025-07-02T23:03:00+02:00;69495;50;8;0;unknown;0
2025-07-02T23:03:00+02:00;69591;31;9;48;heavy;1
2025-07-02T23:03:00+02:00;69673;91;4;25;freeFlow;1
2025-07-02T23:03:00+02:00;69878;48;17;100;freeFlow;7
2025-07-02T23:03:00+02:00;71197_D;80;14;0;unknown;0
2025-07-02T23:03:00+02:00;71197_G;80;14;0;unknown;0
2025-07-02T23:03:00+02:00;71455_D;50;3;0;unknown;0
2025-07-02T23:03:00+02:00;71492_D;62;3;0;unknown;0
2025-07-02T23:03:00+02:00;71492_G;30;6;55;heavy;1
2025-07-02T23:03:00+02:00;71493_D;40;8;57;freeFlow;1
2025-07-02T23:03:00+02:00;71493_G;50;6;0;unknown;0
2025-07-02T23:03:00+02:00;71494;31;5;55;heavy;1
2025-07-02T23:03:00+02:00;71496;50;5;0;unknown;0
2025-07-02T23:03:00+02:00;71497;30;3;55;heavy;1
2025-07-02T23:03:00+02:00;71504_D;32;1;55;heavy;1
2025-07-02T23:03:00+02:00;71504_G;50;1;0;unknown;0
2025-07-02T23:03:00+02:00;71508_D;62;8;0;unknown;0
2025-07-02T23:03:00+02:00;71508_G;50;10;0;unknown;0
2025-07-02T23:03:00+02:00;71509_D;51;20;57;freeFlow;1
2025-07-02T23:03:00+02:00;71509_G;50;20;0;unknown;0
2025-07-02T23:03:00+02:00;71554_D;50;5;0;unknown;0
2025-07-02T23:03:00+02:00;71554_G;48;5;57;freeFlow;2
2025-07-02T23:03:00+02:00;71555_D;50;2;0;unknown;0
2025-07-02T23:03:00+02:00;71555_G;34;3;60;heavy;2
2025-07-02T23:03:00+02:00;71661;45;6;60;heavy;1
2025-07-02T23:03:00+02:00;71668;90;7;0;unknown;0
2025-07-02T23:03:00+02:00;72425;94;13;60;freeFlow;1
2025-07-02T23:03:00+02:00;72487_D;80;31;0;unknown;0
2025-07-02T23:03:00+02:00;72842_D;50;22;0;unknown;0
2025-07-02T23:03:00+02:00;72842_G;55;20;20;freeFlow;1
2025-07-02T23:03:00+02:00;72940_D;24;49;60;heavy;1
2025-07-02T23:03:00+02:00;72940_G;42;28;60;freeFlow;1
2025-07-02T23:03:00+02:00;73636;30;6;60;heavy;2
2025-07-02T23:03:00+02:00;74067;90;1;0;unknown;0
2025-07-02T23:03:00+02:00;74454;67;0;17;freeFlow;1
2025-07-02T23:03:00+02:00;74457_D;67;15;17;freeFlow;1
2025-07-02T23:03:00+02:00;74457_G;56;18;75;freeFlow;2
2025-07-02T23:03:00+02:00;74459;67;0;17;freeFlow;1
2025-07-02T23:03:00+02:00;74460;42;1;60;heavy;1
2025-07-02T23:03:00+02:00;74461;42;1;60;heavy;1
2025-07-02T23:03:00+02:00;74688_D;50;18;0;unknown;0
2025-07-02T23:03:00+02:00;74688_G;50;18;0;unknown;0
2025-07-02T23:03:00+02:00;74748_D;75;4;35;freeFlow;1
2025-07-02T23:03:00+02:00;74748_G;43;7;22;heavy;1
2025-07-02T23:03:00+02:00;75340;50;1;0;unknown;0
2025-07-02T23:03:00+02:00;75343_D;30;12;0;unknown;0
2025-07-02T23:03:00+02:00;75343_G;30;12;0;unknown;0
2025-07-02T23:03:00+02:00;75344;50;1;0;unknown;0
2025-07-02T23:03:00+02:00;75346;50;1;0;unknown;0
2025-07-02T23:03:00+02:00;75347_D;50;1;0;unknown;0
2025-07-02T23:03:00+02:00;75347_G;50;1;0;unknown;0
2025-07-02T23:03:00+02:00;75348;50;1;0;unknown;0
2025-07-02T23:03:00+02:00;75353;25;1;15;heavy;1
2025-07-02T23:03:00+02:00;75356_D;50;10;0;unknown;0
2025-07-02T23:03:00+02:00;75356_G;50;10;0;unknown;0
2025-07-02T23:03:00+02:00;75358;50;1;0;unknown;0
2025-07-02T23:03:00+02:00;75359;50;1;0;unknown;0
2025-07-02T23:03:00+02:00;75385;76;1;57;freeFlow;1
2025-07-02T23:03:00+02:00;75533_D;70;0;0;unknown;0
2025-07-02T23:03:00+02:00;75533_G;70;0;0;unknown;0
2025-07-02T23:03:00+02:00;75630;65;24;50;freeFlow;1
2025-07-02T23:03:00+02:00;75810;70;11;0;unknown;0
2025-07-02T23:03:00+02:00;75811;90;5;0;unknown;0
2025-07-02T23:03:00+02:00;75812;89;5;100;freeFlow;3
2025-07-02T23:03:00+02:00;75813;76;3;50;freeFlow;2
2025-07-02T23:03:00+02:00;75814;89;3;100;freeFlow;3
2025-07-02T23:03:00+02:00;75815;82;16;50;freeFlow;2
2025-07-02T23:03:00+02:00;75816;27;8;30;heavy;1
2025-07-02T23:03:00+02:00;75819_D;12;16;10;congested;1
2025-07-02T23:03:00+02:00;75819_G;50;4;0;unknown;0
2025-07-02T23:03:00+02:00;75821;87;3;60;freeFlow;1
2025-07-02T23:03:00+02:00;75823;88;5;60;freeFlow;1
2025-07-02T23:03:00+02:00;75841;38;10;0;unknown;0
2025-07-02T23:03:00+02:00;75842;50;8;0;unknown;0
2025-07-02T23:03:00+02:00;75855;46;2;50;heavy;1
2025-07-02T23:03:00+02:00;75858;51;2;0;unknown;0
2025-07-02T23:03:00+02:00;75859;49;4;0;unknown;0
2025-07-02T23:03:00+02:00;75860;35;5;32;heavy;1
2025-07-02T23:03:00+02:00;75861;35;2;32;heavy;1
2025-07-02T23:03:00+02:00;75862;70;2;0;unknown;0
2025-07-02T23:03:00+02:00;75863;70;1;0;unknown;0
2025-07-02T23:03:00+02:00;75864;108;1;60;freeFlow;1
2025-07-02T23:03:00+02:00;75865;108;1;60;freeFlow;1
2025-07-02T23:03:00+02:00;75866;80;11;30;freeFlow;1
2025-07-02T23:03:00+02:00;75867;94;12;40;freeFlow;1
2025-07-02T23:03:00+02:00;75869;86;61;42;freeFlow;1
2025-07-02T23:03:00+02:00;75873_D;63;9;60;freeFlow;1
2025-07-02T23:03:00+02:00;75873_G;30;16;0;unknown;0
2025-07-02T23:03:00+02:00;75874_D;63;7;60;freeFlow;1
2025-07-02T23:03:00+02:00;75874_G;50;8;0;unknown;0
2025-07-02T23:03:00+02:00;75875;56;5;38;freeFlow;1
2025-07-02T23:03:00+02:00;75876;58;8;38;freeFlow;1
2025-07-02T23:03:00+02:00;75877;50;17;0;unknown;0
2025-07-02T23:03:00+02:00;75878;70;12;0;unknown;0
2025-07-02T23:03:00+02:00;75879;90;2;0;unknown;0
2025-07-02T23:03:00+02:00;75880;50;17;0;unknown;0
2025-07-02T23:03:00+02:00;75882;73;13;38;freeFlow;1
2025-07-02T23:03:00+02:00;75883;92;4;75;freeFlow;2
2025-07-02T23:03:00+02:00;75884;55;7;100;heavy;3
2025-07-02T23:03:00+02:00;75885;94;3;75;freeFlow;2
2025-07-02T23:03:00+02:00;75886;69;9;100;freeFlow;3
2025-07-02T23:03:00+02:00;75911;51;5;52;freeFlow;1
2025-07-02T23:03:00+02:00;75912;49;6;60;freeFlow;1
2025-07-02T23:03:00+02:00;76094;29;19;60;heavy;1
2025-07-02T23:03:00+02:00;7864_D;80;45;0;unknown;0
2025-07-02T23:03:00+02:00;7864_G;80;45;0;unknown;0
2025-07-02T23:03:00+02:00;790_D;66;12;55;freeFlow;1
2025-07-02T23:03:00+02:00;790_G;70;11;0;unknown;0
2025-07-02T23:03:00+02:00;791_D;50;17;95;freeFlow;4
2025-07-02T23:03:00+02:00;791_G;70;12;0;unknown;0
2025-07-02T23:03:00+02:00;7936;90;8;0;unknown;0
2025-07-02T23:03:00+02:00;7937;90;24;0;unknown;0
2025-07-02T23:03:00+02:00;7938;90;34;0;unknown;0
2025-07-02T23:03:00+02:00;7995_D;80;13;0;unknown;0
2025-07-02T23:03:00+02:00;7995_G;80;12;0;unknown;0
2025-07-02T23:03:00+02:00;862_D;70;15;0;unknown;0
2025-07-02T23:03:00+02:00;862_G;71;15;55;freeFlow;1
2025-07-02T23:03:00+02:00;863_D;70;10;0;unknown;0
2025-07-02T23:03:00+02:00;863_G;75;9;57;freeFlow;1
2025-07-02T23:03:00+02:00;8745;48;4;60;freeFlow;1
2025-07-02T23:03:00+02:00;8962;114;19;50;freeFlow;1
2025-07-02T23:03:00+02:00;8963_D;68;6;10;freeFlow;1
2025-07-02T23:03:00+02:00;8963_G;71;6;60;freeFlow;1
2025-07-02T23:03:00+02:00;8966;111;11;52;freeFlow;1
2025-07-02T23:03:00+02:00;8969;89;15;60;freeFlow;1
2025-07-02T23:03:00+02:00;8970;28;55;60;congested;1
2025-07-02T23:03:00+02:00;8971;73;28;68;heavy;2
2025-07-02T23:03:00+02:00;8974_D;42;6;60;heavy;1
2025-07-02T23:03:00+02:00;8974_G;70;3;0;unknown;0
2025-07-02T23:03:00+02:00;8976_D;48;7;60;heavy;1
2025-07-02T23:03:00+02:00;8976_G;70;5;0;unknown;0
2025-07-02T23:03:00+02:00;8977_D;68;4;60;freeFlow;1
2025-07-02T23:03:00+02:00;8977_G;70;4;0;unknown;0
2025-07-02T23:03:00+02:00;8978;104;13;52;freeFlow;1
2025-07-02T23:03:00+02:00;9040;90;10;0;unknown;0
2025-07-02T23:03:00+02:00;9041;39;5;60;freeFlow;1
2025-07-02T23:03:00+02:00;9042;50;2;60;freeFlow;1
2025-07-02T23:03:00+02:00;9043;47;4;60;freeFlow;1
2025-07-02T23:03:00+02:00;9044;50;3;0;unknown;0
2025-07-02T23:03:00+02:00;9045;50;2;0;unknown;0
2025-07-02T23:03:00+02:00;9046;50;2;60;freeFlow;1
2025-07-02T23:03:00+02:00;9047;50;2;60;freeFlow;1
2025-07-02T23:03:00+02:00;9048;63;8;60;heavy;1
2025-07-02T23:03:00+02:00;9049;50;3;0;unknown;0
2025-07-02T23:03:00+02:00;9050;48;1;60;freeFlow;1
2025-07-02T23:03:00+02:00;9051;48;3;60;freeFlow;1
2025-07-02T23:03:00+02:00;9052;50;2;0;unknown;0
2025-07-02T23:03:00+02:00;9053;52;2;60;freeFlow;1
2025-07-02T23:03:00+02:00;9054;50;12;0;unknown;0
2025-07-02T23:03:00+02:00;9055;55;11;60;freeFlow;1
2025-07-02T23:03:00+02:00;9057_D;80;7;0;unknown;0
2025-07-02T23:03:00+02:00;9057_G;85;6;60;freeFlow;1
2025-07-02T23:03:00+02:00;9058_D;80;17;0;unknown;0
2025-07-02T23:03:00+02:00;9058_G;86;16;60;freeFlow;1
2025-07-02T23:03:00+02:00;9059_D;80;8;0;unknown;0
2025-07-02T23:03:00+02:00;9059_G;83;7;60;freeFlow;1
2025-07-02T23:03:00+02:00;9060;53;4;60;heavy;1
2025-07-02T23:03:00+02:00;9061;62;2;0;unknown;0
2025-07-02T23:03:00+02:00;9062;48;4;60;heavy;1
2025-07-02T23:03:00+02:00;9063;50;2;0;unknown;0
2025-07-02T23:03:00+02:00;9068_D;68;26;10;freeFlow;1
2025-07-02T23:03:00+02:00;9068_G;73;25;60;freeFlow;1
2025-07-02T23:03:00+02:00;9070_D;80;26;0;unknown;0
2025-07-02T23:03:00+02:00;9070_G;80;26;0;unknown;0
2025-07-02T23:03:00+02:00;9073;36;11;72;heavy;2
2025-07-02T23:03:00+02:00;9074;106;8;35;freeFlow;1
2025-07-02T23:03:00+02:00;9082_D;67;3;17;freeFlow;1
2025-07-02T23:03:00+02:00;9082_G;78;3;75;freeFlow;2
2025-07-02T23:03:00+02:00;9090_D;67;20;15;freeFlow;1
2025-07-02T23:03:00+02:00;9090_G;80;17;60;freeFlow;1
2025-07-02T23:03:00+02:00;9103;90;16;0;unknown;0
2025-07-02T23:03:00+02:00;9108;90;14;0;unknown;0
2025-07-02T23:03:00+02:00;9114;70;1;0;unknown;0
2025-07-02T23:03:00+02:00;9115;90;16;0;unknown;0
2025-07-02T23:03:00+02:00;9116;90;2;0;unknown;0
2025-07-02T23:03:00+02:00;9117;90;6;0;unknown;0
2025-07-02T23:03:00+02:00;9133;90;21;0;unknown;0
2025-07-02T23:03:00+02:00;9134;90;16;0;unknown;0
2025-07-02T23:03:00+02:00;9177;70;28;0;unknown;0
2025-07-02T23:03:00+02:00;9190;90;4;0;unknown;0
2025-07-02T23:03:00+02:00;9199;90;1;0;unknown;0
2025-07-02T23:03:00+02:00;9200;90;2;0;unknown;0
2025-07-02T23:03:00+02:00;9201;90;1;0;unknown;0
2025-07-02T23:03:00+02:00;9202;90;1;0;unknown;0
2025-07-02T23:03:00+02:00;9203;90;1;0;unknown;0
2025-07-02T23:03:00+02:00;9204;90;1;0;unknown;0
2025-07-02T23:03:00+02:00;9213;70;40;0;unknown;0
2025-07-02T23:03:00+02:00;9214_D;70;1;0;unknown;0
2025-07-02T23:03:00+02:00;9214_G;70;1;0;unknown;0
2025-07-02T23:03:00+02:00;9215;90;31;0;unknown;0
2025-07-02T23:03:00+02:00;9279;97;22;25;freeFlow;1
2025-07-02T23:03:00+02:00;9280;85;28;25;freeFlow;1
2025-07-02T23:03:00+02:00;9343_D;80;15;0;unknown;0
2025-07-02T23:03:00+02:00;9343_G;80;15;0;unknown;0
2025-07-02T23:03:00+02:00;9344_D;30;20;0;unknown;0
2025-07-02T23:03:00+02:00;9344_G;30;20;0;unknown;0
2025-07-02T23:03:00+02:00;9345_D;30;27;0;unknown;0
2025-07-02T23:03:00+02:00;9345_G;30;28;0;unknown;0
2025-07-02T23:03:00+02:00;9346_D;30;15;0;unknown;0
2025-07-02T23:03:00+02:00;9346_G;30;15;0;unknown;0
2025-07-02T23:03:00+02:00;9348_D;30;7;0;unknown;0
2025-07-02T23:03:00+02:00;9348_G;30;8;0;unknown;0
2025-07-02T23:03:00+02:00;9351_D;80;15;0;unknown;0
2025-07-02T23:03:00+02:00;9351_G;80;14;0;unknown;0
2025-07-02T23:03:00+02:00;9370_D;80;10;0;unknown;0
2025-07-02T23:03:00+02:00;9370_G;80;11;0;unknown;0
2025-07-02T23:03:00+02:00;9371_D;80;8;0;unknown;0
2025-07-02T23:03:00+02:00;9371_G;80;8;0;unknown;0
2025-07-02T23:03:00+02:00;9378;36;32;74;heavy;2
2025-07-02T23:03:00+02:00;9379;106;11;35;freeFlow;1
2025-07-02T23:03:00+02:00;9414_D;30;9;0;unknown;0
2025-07-02T23:03:00+02:00;9414_G;30;9;0;unknown;0
2025-07-02T23:03:00+02:00;9416_D;30;7;0;unknown;0
2025-07-02T23:03:00+02:00;9416_G;30;7;0;unknown;0
2025-07-02T23:03:00+02:00;9418_D;30;12;0;unknown;0
2025-07-02T23:03:00+02:00;9418_G;30;12;0;unknown;0
2025-07-02T23:03:00+02:00;9421;30;4;0;unknown;0
2025-07-02T23:03:00+02:00;9422;30;3;0;unknown;0
2025-07-02T23:03:00+02:00;9423;30;3;0;unknown;0
2025-07-02T23:03:00+02:00;9424;30;6;0;unknown;0
2025-07-02T23:03:00+02:00;9425_D;30;5;0;unknown;0
2025-07-02T23:03:00+02:00;9425_G;30;4;0;unknown;0
2025-07-02T23:03:00+02:00;9427_D;80;4;0;unknown;0
2025-07-02T23:03:00+02:00;9427_G;80;4;0;unknown;0
2025-07-02T23:03:00+02:00;9434_D;80;10;0;unknown;0
2025-07-02T23:03:00+02:00;9434_G;80;10;0;unknown;0
2025-07-02T23:03:00+02:00;9435_D;80;13;0;unknown;0
2025-07-02T23:03:00+02:00;9435_G;80;13;0;unknown;0
2025-07-02T23:03:00+02:00;9437_D;80;14;0;unknown;0
2025-07-02T23:03:00+02:00;9437_G;80;14;0;unknown;0
2025-07-02T23:03:00+02:00;9588_D;67;9;17;freeFlow;1
2025-07-02T23:03:00+02:00;9588_G;74;8;75;freeFlow;2
2025-07-02T23:03:00+02:00;9625_D;67;5;17;freeFlow;1
2025-07-02T23:03:00+02:00;9625_G;69;5;75;freeFlow;2
2025-07-02T23:03:00+02:00;9739;44;3;60;heavy;1
2025-07-02T23:03:00+02:00;9740;67;1;17;freeFlow;1
2025-07-02T23:03:00+02:00;9741;42;2;60;heavy;1
2025-07-02T23:03:00+02:00;9742;42;3;60;heavy;1
2025-07-02T23:03:00+02:00;9745_D;67;2;15;freeFlow;1
2025-07-02T23:03:00+02:00;9745_G;60;5;60;freeFlow;1
2025-07-02T23:03:00+02:00;9757_D;67;2;17;freeFlow;1
2025-07-02T23:03:00+02:00;9757_G;44;3;60;heavy;1
2025-07-02T23:03:00+02:00;9758_D;67;5;17;freeFlow;1
2025-07-02T23:03:00+02:00;9758_G;45;7;60;heavy;1
2025-07-02T23:03:00+02:00;9834_D;67;29;15;freeFlow;1
2025-07-02T23:03:00+02:00;9834_G;79;25;60;freeFlow;1
2025-07-02T23:03:00+02:00;9912;34;5;60;heavy;1
2025-07-02T23:03:00+02:00;9913;70;1;0;unknown;0
2025-07-02T23:03:00+02:00;9914;67;1;15;freeFlow;1
2025-07-02T23:03:00+02:00;9915;67;2;15;freeFlow;1
2025-07-02T23:03:00+02:00;9916;41;4;60;heavy;1
2025-07-02T23:03:00+02:00;9917_D;41;4;60;heavy;1
2025-07-02T23:03:00+02:00;9917_G;70;2;0;unknown;0
2025-07-02T23:03:00+02:00;9921_D;67;22;15;freeFlow;1
2025-07-02T23:03:00+02:00;9921_G;65;23;60;freeFlow;1
2025-07-02T23:03:00+02:00;1601981;26;6;52;heavy;1
2025-07-02T23:03:00+02:00;1601982;50;18;0;unknown;0
2025-07-02T23:03:00+02:00;1634;59;10;57;heavy;1
2025-07-02T23:03:00+02:00;1635;70;2;0;unknown;0
2025-07-02T23:03:00+02:00;1636;50;3;0;unknown;0
2025-07-02T23:03:00+02:00;1637;35;3;57;heavy;1
2025-07-02T23:03:00+02:00;1640;59;2;57;freeFlow;1
2025-07-02T23:03:00+02:00;1641;42;4;57;heavy;1
2025-07-02T23:03:00+02:00;1642;35;2;57;heavy;1
2025-07-02T23:03:00+02:00;1678329;50;12;0;unknown;0
2025-07-02T23:03:00+02:00;1680500_D;26;10;10;heavy;1
2025-07-02T23:03:00+02:00;1680500_G;50;6;0;unknown;0
2025-07-02T23:03:00+02:00;1680501;95;9;75;freeFlow;2
2025-07-02T23:03:00+02:00;1680580;50;9;0;unknown;0
2025-07-02T23:03:00+02:00;1680586;50;3;0;unknown;0
2025-07-02T23:03:00+02:00;1680594;50;0;0;unknown;0
2025-07-02T23:03:00+02:00;1680595;50;1;0;unknown;0
2025-07-02T23:03:00+02:00;1680596;50;1;0;unknown;0
2025-07-02T23:03:00+02:00;1680597;50;1;0;unknown;0
2025-07-02T23:03:00+02:00;1680604;50;2;0;unknown;0
2025-07-02T23:03:00+02:00;1747_D;70;1;60;freeFlow;1
2025-07-02T23:03:00+02:00;1747_G;120;1;60;freeFlow;1
2025-07-02T23:03:00+02:00;1762;120;4;60;freeFlow;1
2025-07-02T23:03:00+02:00;1763;26;22;55;heavy;1
2025-07-02T23:03:00+02:00;1765_D;43;10;55;freeFlow;1
2025-07-02T23:03:00+02:00;1765_G;50;8;0;unknown;0
2025-07-02T23:03:00+02:00;1852;86;13;60;freeFlow;1
2025-07-02T23:03:00+02:00;1857;93;23;75;freeFlow;2
2025-07-02T23:03:00+02:00;1858;86;10;60;freeFlow;1
2025-07-02T23:03:00+02:00;1859;90;11;0;unknown;0
2025-07-02T23:03:00+02:00;1860;70;18;0;unknown;0
2025-07-02T23:03:00+02:00;1910718_D;50;2;0;unknown;0
2025-07-02T23:03:00+02:00;1910718_G;35;3;20;heavy;1
2025-07-02T23:03:00+02:00;1910863_D;50;11;0;unknown;0
2025-07-02T23:03:00+02:00;1910863_G;50;11;0;unknown;0
2025-07-02T23:03:00+02:00;1911250;50;5;0;unknown;0
2025-07-02T23:03:00+02:00;35088;107;2;12;freeFlow;1
2025-07-02T23:03:00+02:00;35089;46;5;50;heavy;1
2025-07-02T23:03:00+02:00;35090;46;1;50;heavy;1
2025-07-02T23:03:00+02:00;35091;45;3;10;heavy;1
2025-07-02T23:03:00+02:00;35093;46;6;50;heavy;1
2025-07-02T23:03:00+02:00;35094;43;6;10;heavy;1
2025-07-02T23:03:00+02:00;35099;50;2;0;unknown;0
2025-07-02T23:03:00+02:00;35101;103;1;27;freeFlow;2
2025-07-02T23:03:00+02:00;35102;51;1;48;freeFlow;1
2025-07-02T23:03:00+02:00;35104;86;31;27;freeFlow;2
2025-07-02T23:03:00+02:00;35116;51;2;27;freeFlow;2
2025-07-02T23:03:00+02:00;35117;34;5;48;heavy;1
2025-07-02T23:03:00+02:00;35118;34;5;48;heavy;1
2025-07-02T23:03:00+02:00;35119;49;4;27;freeFlow;2
2025-07-02T23:03:00+02:00;35120_D;107;1;12;freeFlow;1
2025-07-02T23:03:00+02:00;35120_G;34;2;48;heavy;1
2025-07-02T23:03:00+02:00;35121_D;107;19;12;freeFlow;1
2025-07-02T23:03:00+02:00;35121_G;41;51;48;freeFlow;1
2025-07-02T23:03:00+02:00;40196;90;3;0;unknown;0
2025-07-02T23:03:00+02:00;40197;90;3;0;unknown;0
2025-07-02T23:03:00+02:00;41636_D;50;3;0;unknown;0
2025-07-02T23:03:00+02:00;41636_G;50;3;0;unknown;0
2025-07-02T23:03:00+02:00;41652_G;50;5;0;unknown;0
2025-07-02T23:03:00+02:00;41653_D;50;2;0;unknown;0
2025-07-02T23:03:00+02:00;41653_G;50;2;0;unknown;0
2025-07-02T23:03:00+02:00;41667_D;50;3;0;unknown;0
2025-07-02T23:03:00+02:00;41667_G;50;3;0;unknown;0
2025-07-02T23:03:00+02:00;41668_D;50;1;0;unknown;0
2025-07-02T23:03:00+02:00;41668_G;46;1;0;unknown;0
2025-07-02T23:03:00+02:00;41721;90;12;60;freeFlow;1
2025-07-02T23:03:00+02:00;41722;88;13;75;freeFlow;2
2025-07-02T23:03:00+02:00;41758;94;14;60;freeFlow;1
2025-07-02T23:03:00+02:00;41759;92;15;60;freeFlow;1
2025-07-02T23:03:00+02:00;41760;90;15;60;freeFlow;1
2025-07-02T23:03:00+02:00;41949_D;50;5;0;unknown;0
2025-07-02T23:03:00+02:00;41949_G;30;9;20;heavy;1
2025-07-02T23:03:00+02:00;41974_D;50;5;0;unknown;0
2025-07-02T23:03:00+02:00;41974_G;14;16;39;congested;2
2025-07-02T23:03:00+02:00;41975_D;50;7;0;unknown;0
2025-07-02T23:03:00+02:00;41975_G;36;9;22;freeFlow;1
2025-07-02T23:03:00+02:00;41985_D;50;2;0;unknown;0
2025-07-02T23:03:00+02:00;41985_G;16;5;0;unknown;0
2025-07-02T23:03:00+02:00;42064_D;50;4;0;unknown;0
2025-07-02T23:03:00+02:00;42064_G;50;4;0;unknown;0
2025-07-02T23:03:00+02:00;420870_D;38;6;17;freeFlow;1
2025-07-02T23:03:00+02:00;420870_G;50;5;0;unknown;0
2025-07-02T23:03:00+02:00;42206_G;50;19;0;unknown;0
2025-07-02T23:03:00+02:00;42238_G;50;7;0;unknown;0
2025-07-02T23:03:00+02:00;42239_D;50;6;0;unknown;0
2025-07-02T23:03:00+02:00;42239_G;50;6;0;unknown;0
2025-07-02T23:03:00+02:00;42240_D;44;17;27;freeFlow;1
2025-07-02T23:03:00+02:00;42240_G;50;15;0;unknown;0
2025-07-02T23:03:00+02:00;42241_D;91;8;25;freeFlow;1
2025-07-02T23:03:00+02:00;42241_G;50;14;0;unknown;0
2025-07-02T23:03:00+02:00;42242_D;89;3;40;freeFlow;2
2025-07-02T23:03:00+02:00;42242_G;50;6;0;unknown;0
2025-07-02T23:03:00+02:00;42683_D;39;9;25;freeFlow;1
2025-07-02T23:03:00+02:00;42683_G;50;6;0;unknown;0
2025-07-02T23:03:00+02:00;42714_D;50;4;0;unknown;0
2025-07-02T23:03:00+02:00;42714_G;11;17;22;congested;1
2025-07-02T23:03:00+02:00;42716_D;50;2;0;unknown;0
2025-07-02T23:03:00+02:00;42716_G;30;3;20;heavy;1
2025-07-02T23:03:00+02:00;43449_D;1;244;0;unknown;0
2025-07-02T23:03:00+02:00;43449_G;30;7;0;unknown;0
2025-07-02T23:03:00+02:00;43450_D;24;13;32;freeFlow;1
2025-07-02T23:03:00+02:00;43450_G;30;10;0;unknown;0
2025-07-02T23:03:00+02:00;43451_G;30;16;0;unknown;0
2025-07-02T23:03:00+02:00;43452_D;30;5;0;unknown;0
2025-07-02T23:03:00+02:00;43452_G;11;14;0;unknown;0
2025-07-02T23:03:00+02:00;43475_D;50;4;0;unknown;0
2025-07-02T23:03:00+02:00;43475_G;50;4;0;unknown;0
2025-07-02T23:03:00+02:00;43622_D;38;3;60;freeFlow;1
2025-07-02T23:03:00+02:00;43622_G;50;2;0;unknown;0
2025-07-02T23:03:00+02:00;43623_D;6;33;60;congested;1
2025-07-02T23:03:00+02:00;43623_G;1;188;0;unknown;0
2025-07-02T23:03:00+02:00;43624_D;33;7;60;heavy;1
2025-07-02T23:03:00+02:00;43624_G;50;5;0;unknown;0
2025-07-02T23:03:00+02:00;43625_D;34;11;60;heavy;1
2025-07-02T23:03:00+02:00;43625_G;50;7;0;unknown;0
2025-07-02T23:03:00+02:00;43657_D;50;2;0;unknown;0
2025-07-02T23:03:00+02:00;43657_G;30;3;60;heavy;1
2025-07-02T23:03:00+02:00;43659_D;30;5;0;unknown;0
2025-07-02T23:03:00+02:00;43659_G;30;5;0;unknown;0
2025-07-02T23:03:00+02:00;44039_D;50;2;0;unknown;0
2025-07-02T23:03:00+02:00;44039_G;50;2;0;unknown;0
2025-07-02T23:03:00+02:00;44040_D;50;9;0;unknown;0
2025-07-02T23:03:00+02:00;44040_G;50;9;0;unknown;0
2025-07-02T23:03:00+02:00;44041_D;50;9;0;unknown;0
2025-07-02T23:03:00+02:00;44041_G;50;9;0;unknown;0
2025-07-02T23:03:00+02:00;44042_D;50;10;0;unknown;0
2025-07-02T23:03:00+02:00;44042_G;50;9;0;unknown;0
2025-07-02T23:03:00+02:00;44071_D;24;11;32;freeFlow;1
2025-07-02T23:03:00+02:00;44071_G;30;10;0;unknown;0
2025-07-02T23:03:00+02:00;44080;20;6;32;heavy;1
2025-07-02T23:03:00+02:00;44113_D;50;6;0;unknown;0
2025-07-02T23:03:00+02:00;44113_G;50;6;0;unknown;0
2025-07-02T23:03:00+02:00;44114_D;50;5;0;unknown;0
2025-07-02T23:03:00+02:00;44114_G;50;5;0;unknown;0
2025-07-02T23:03:00+02:00;44115_D;50;7;0;unknown;0
2025-07-02T23:03:00+02:00;44115_G;50;7;0;unknown;0
2025-07-02T23:03:00+02:00;44117_D;50;6;0;unknown;0
2025-07-02T23:03:00+02:00;44117_G;50;5;0;unknown;0
2025-07-02T23:03:00+02:00;44118_D;50;4;0;unknown;0
2025-07-02T23:03:00+02:00;44118_G;50;4;0;unknown;0
2025-07-02T23:03:00+02:00;44125_D;50;3;0;unknown;0
2025-07-02T23:03:00+02:00;44125_G;2;57;38;congested;1
2025-07-02T23:03:00+02:00;44127;50;6;0;unknown;0
2025-07-02T23:03:00+02:00;44128;50;7;0;unknown;0
2025-07-02T23:03:00+02:00;44170_D;50;3;0;unknown;0
2025-07-02T23:03:00+02:00;44170_G;50;4;0;unknown;0
2025-07-02T23:03:00+02:00;44713_D;40;1;63;freeFlow;2
2025-07-02T23:03:00+02:00;44713_G;37;1;48;freeFlow;1
2025-07-02T23:03:00+02:00;44930;50;4;0;unknown;0
2025-07-02T23:03:00+02:00;44931;76;9;57;freeFlow;1
2025-07-02T23:03:00+02:00;44934;88;23;100;freeFlow;3
2025-07-02T23:03:00+02:00;45486_G;50;4;0;unknown;0
2025-07-02T23:03:00+02:00;45487_G;50;5;0;unknown;0
2025-07-02T23:03:00+02:00;45488_D;38;18;15;freeFlow;1
2025-07-02T23:03:00+02:00;45488_G;50;14;0;unknown;0
2025-07-02T23:03:00+02:00;45489_D;39;7;15;freeFlow;1
2025-07-02T23:03:00+02:00;45489_G;50;5;0;unknown;0
2025-07-02T23:03:00+02:00;45490_D;42;4;15;freeFlow;1
2025-07-02T23:03:00+02:00;45490_G;50;3;0;unknown;0
2025-07-02T23:03:00+02:00;45503_D;38;4;60;freeFlow;1
2025-07-02T23:03:00+02:00;45503_G;50;3;0;unknown;0
2025-07-02T23:03:00+02:00;45504_D;39;4;60;freeFlow;1
2025-07-02T23:03:00+02:00;45504_G;50;3;0;unknown;0
2025-07-02T23:03:00+02:00;45505_D;40;8;60;freeFlow;1
2025-07-02T23:03:00+02:00;45505_G;50;7;0;unknown;0
2025-07-02T23:03:00+02:00;45530_D;30;2;0;unknown;0
2025-07-02T23:03:00+02:00;45530_G;30;2;0;unknown;0
2025-07-02T23:03:00+02:00;45531_D;30;2;0;unknown;0
2025-07-02T23:03:00+02:00;45531_G;30;2;0;unknown;0
2025-07-02T23:03:00+02:00;45532_D;30;7;0;unknown;0
2025-07-02T23:03:00+02:00;45532_G;30;7;0;unknown;0
2025-07-02T23:03:00+02:00;45565_D;30;11;12;heavy;1
2025-07-02T23:03:00+02:00;45565_G;50;6;0;unknown;0
2025-07-02T23:03:00+02:00;45566_D;30;9;12;heavy;1
2025-07-02T23:03:00+02:00;45566_G;50;5;0;unknown;0
2025-07-02T23:03:00+02:00;45567_D;37;8;15;freeFlow;1
2025-07-02T23:03:00+02:00;45567_G;50;6;0;unknown;0
2025-07-02T23:03:00+02:00;45568_D;41;11;12;freeFlow;1
2025-07-02T23:03:00+02:00;45568_G;50;10;0;unknown;0
2025-07-02T23:03:00+02:00;45601_D;50;6;0;unknown;0
2025-07-02T23:03:00+02:00;45601_G;50;6;0;unknown;0
2025-07-02T23:03:00+02:00;45613_D;38;8;15;freeFlow;1
2025-07-02T23:03:00+02:00;45613_G;22;15;0;unknown;0
2025-07-02T23:03:00+02:00;45614_D;43;5;15;freeFlow;1
2025-07-02T23:03:00+02:00;45614_G;50;4;0;unknown;0
2025-07-02T23:03:00+02:00;45636;70;16;0;unknown;0
2025-07-02T23:03:00+02:00;45637;94;12;75;freeFlow;2
2025-07-02T23:03:00+02:00;45640;76;6;57;freeFlow;1
2025-07-02T23:03:00+02:00;45641;89;14;60;freeFlow;1
2025-07-02T23:03:00+02:00;45642;93;23;60;freeFlow;1
2025-07-02T23:03:00+02:00;45644_D;50;19;0;unknown;0
2025-07-02T23:03:00+02:00;45644_G;50;19;0;unknown;0
2025-07-02T23:03:00+02:00;45645_G;50;11;0;unknown;0
2025-07-02T23:03:00+02:00;45725;93;34;75;freeFlow;2
2025-07-02T23:03:00+02:00;45736_D;37;13;0;unknown;0
2025-07-02T23:03:00+02:00;45736_G;50;9;0;unknown;0
2025-07-02T23:03:00+02:00;45759_D;28;14;60;heavy;1
2025-07-02T23:03:00+02:00;45759_G;50;7;0;unknown;0
2025-07-02T23:03:00+02:00;45760_D;9;34;60;congested;1
2025-07-02T23:03:00+02:00;45760_G;50;6;0;unknown;0
2025-07-02T23:03:00+02:00;45761_G;50;6;0;unknown;0
2025-07-02T23:03:00+02:00;45762_D;40;6;60;freeFlow;1
2025-07-02T23:03:00+02:00;45762_G;50;5;0;unknown;0
2025-07-02T23:03:00+02:00;45849_D;50;2;0;unknown;0
2025-07-02T23:03:00+02:00;45849_G;50;2;0;unknown;0
2025-07-02T23:03:00+02:00;45850_D;50;2;0;unknown;0
2025-07-02T23:03:00+02:00;45850_G;50;2;0;unknown;0
2025-07-02T23:03:00+02:00;45865_G;50;7;0;unknown;0
2025-07-02T23:03:00+02:00;46027;91;1;25;freeFlow;1
2025-07-02T23:03:00+02:00;46028;50;14;0;unknown;0
2025-07-02T23:03:00+02:00;46029;39;4;68;freeFlow;3
2025-07-02T23:03:00+02:00;46036_D;9;58;10;congested;1
2025-07-02T23:03:00+02:00;46036_G;50;10;0;unknown;0
2025-07-02T23:03:00+02:00;46053_G;50;8;0;unknown;0
2025-07-02T23:03:00+02:00;46054_D;40;5;60;freeFlow;1
2025-07-02T23:03:00+02:00;46054_G;50;4;0;unknown;0
2025-07-02T23:03:00+02:00;46055_D;40;6;60;freeFlow;1
2025-07-02T23:03:00+02:00;46055_G;50;5;0;unknown;0
2025-07-02T23:03:00+02:00;46056_G;50;2;0;unknown;0
2025-07-02T23:03:00+02:00;46057_D;51;4;60;freeFlow;1
2025-07-02T23:03:00+02:00;46057_G;50;4;0;unknown;0
2025-07-02T23:03:00+02:00;46058_D;42;8;60;freeFlow;1
2025-07-02T23:03:00+02:00;46058_G;50;7;0;unknown;0
2025-07-02T23:03:00+02:00;46059_D;42;15;60;freeFlow;1
2025-07-02T23:03:00+02:00;46059_G;50;12;0;unknown;0
2025-07-02T23:03:00+02:00;46079_D;51;6;60;freeFlow;1
2025-07-02T23:03:00+02:00;46079_G;50;6;0;unknown;0
2025-07-02T23:03:00+02:00;46080_D;42;11;60;freeFlow;1
2025-07-02T23:03:00+02:00;46080_G;50;9;0;unknown;0
2025-07-02T23:03:00+02:00;46081;50;5;0;unknown;0
2025-07-02T23:03:00+02:00;46135;50;7;0;unknown;0
2025-07-02T23:03:00+02:00;46136;50;6;0;unknown;0
2025-07-02T23:03:00+02:00;46137;50;9;0;unknown;0
2025-07-02T23:03:00+02:00;46163;50;6;0;unknown;0
2025-07-02T23:03:00+02:00;46228;90;11;0;unknown;0
2025-07-02T23:03:00+02:00;46230;99;14;60;freeFlow;1
2025-07-02T23:03:00+02:00;46251_D;28;6;17;heavy;1
2025-07-02T23:03:00+02:00;46251_G;50;4;0;unknown;0
2025-07-02T23:03:00+02:00;46264;90;18;0;unknown;0
2025-07-02T23:03:00+02:00;46265;99;7;60;freeFlow;1
2025-07-02T23:03:00+02:00;46266;99;3;60;freeFlow;1
2025-07-02T23:03:00+02:00;46267;91;9;60;freeFlow;1
2025-07-02T23:03:00+02:00;46268;86;17;60;freeFlow;1
2025-07-02T23:03:00+02:00;46270_D;44;5;27;freeFlow;1
2025-07-02T23:03:00+02:00;46270_G;50;4;0;unknown;0
2025-07-02T23:03:00+02:00;46271_D;28;9;48;heavy;2
2025-07-02T23:03:00+02:00;46271_G;50;5;0;unknown;0
2025-07-02T23:03:00+02:00;46374_D;2;797;25;congested;1
2025-07-02T23:03:00+02:00;46374_G;30;42;40;heavy;2
2025-07-02T23:03:00+02:00;46375_D;31;16;35;heavy;1
2025-07-02T23:03:00+02:00;46375_G;91;5;25;freeFlow;1
2025-07-02T23:03:00+02:00;46376_D;43;16;35;freeFlow;1
2025-07-02T23:03:00+02:00;46376_G;91;7;25;freeFlow;1
2025-07-02T23:03:00+02:00;46377_D;39;11;38;freeFlow;1
2025-07-02T23:03:00+02:00;46377_G;91;5;25;freeFlow;1
2025-07-02T23:03:00+02:00;46427_D;50;7;0;unknown;0
2025-07-02T23:03:00+02:00;46427_G;91;4;25;freeFlow;1
2025-07-02T23:03:00+02:00;46559_D;50;1;0;unknown;0
2025-07-02T23:03:00+02:00;46559_G;50;1;0;unknown;0
2025-07-02T23:03:00+02:00;46560_D;50;8;0;unknown;0
2025-07-02T23:03:00+02:00;46560_G;50;8;0;unknown;0
2025-07-02T23:03:00+02:00;46561_D;50;5;0;unknown;0
2025-07-02T23:03:00+02:00;46561_G;50;5;0;unknown;0
2025-07-02T23:03:00+02:00;46562_D;50;2;0;unknown;0
2025-07-02T23:03:00+02:00;46562_G;50;2;0;unknown;0
2025-07-02T23:03:00+02:00;46563_D;50;8;0;unknown;0
2025-07-02T23:03:00+02:00;46563_G;50;9;0;unknown;0
2025-07-02T23:03:00+02:00;46564_D;43;5;0;unknown;0
2025-07-02T23:03:00+02:00;46564_G;50;4;0;unknown;0
2025-07-02T23:03:00+02:00;46565_D;50;4;0;unknown;0
2025-07-02T23:03:00+02:00;46565_G;50;4;0;unknown;0
2025-07-02T23:03:00+02:00;46566_D;50;5;0;unknown;0
2025-07-02T23:03:00+02:00;46566_G;50;5;0;unknown;0
2025-07-02T23:03:00+02:00;46567_G;91;1;25;freeFlow;1
2025-07-02T23:03:00+02:00;46568_D;50;1;0;unknown;0
2025-07-02T23:03:00+02:00;46568_G;91;1;25;freeFlow;1
2025-07-02T23:03:00+02:00;46569_D;50;10;0;unknown;0
2025-07-02T23:03:00+02:00;46569_G;50;9;0;unknown;0
2025-07-02T23:03:00+02:00;46627_D;50;11;0;unknown;0
2025-07-02T23:03:00+02:00;46627_G;50;11;0;unknown;0
2025-07-02T23:03:00+02:00;46628_D;7;53;0;unknown;0
2025-07-02T23:03:00+02:00;46628_G;50;8;0;unknown;0
2025-07-02T23:03:00+02:00;46640;50;15;0;unknown;0
2025-07-02T23:03:00+02:00;46641;50;8;0;unknown;0
2025-07-02T23:03:00+02:00;46643;50;3;0;unknown;0
2025-07-02T23:03:00+02:00;46649;50;8;0;unknown;0
2025-07-02T23:03:00+02:00;46653_D;50;12;0;unknown;0
2025-07-02T23:03:00+02:00;46653_G;50;12;0;unknown;0
2025-07-02T23:03:00+02:00;46654_D;50;10;0;unknown;0
2025-07-02T23:03:00+02:00;46654_G;50;10;0;unknown;0
2025-07-02T23:03:00+02:00;46655_D;36;5;10;freeFlow;1
2025-07-02T23:03:00+02:00;46655_G;50;3;0;unknown;0
2025-07-02T23:03:00+02:00;46682;42;12;38;freeFlow;1
2025-07-02T23:03:00+02:00;46683;31;2;38;heavy;1
2025-07-02T23:03:00+02:00;46684;50;10;0;unknown;0
2025-07-02T23:03:00+02:00;46685;47;22;60;heavy;1
2025-07-02T23:03:00+02:00;46686;43;31;57;freeFlow;1
2025-07-02T23:03:00+02:00;46688;70;16;0;unknown;0
2025-07-02T23:03:00+02:00;46716;87;1;60;freeFlow;1
2025-07-02T23:03:00+02:00;46717;106;35;35;freeFlow;1
2025-07-02T23:03:00+02:00;46718;87;12;60;freeFlow;1
2025-07-02T23:03:00+02:00;46719;47;17;38;heavy;1
2025-07-02T23:03:00+02:00;46720;70;3;0;unknown;0
2025-07-02T23:03:00+02:00;46728;99;4;60;freeFlow;1
2025-07-02T23:03:00+02:00;46745_D;55;11;22;freeFlow;1
2025-07-02T23:03:00+02:00;46745_G;50;12;0;unknown;0
2025-07-02T23:03:00+02:00;46746_D;58;15;22;freeFlow;1
2025-07-02T23:03:00+02:00;46746_G;50;18;0;unknown;0
2025-07-02T23:03:00+02:00;46975;50;3;0;unknown;0
2025-07-02T23:03:00+02:00;47024;32;5;42;heavy;1
2025-07-02T23:03:00+02:00;47025;38;10;42;freeFlow;1
2025-07-02T23:03:00+02:00;47030;91;4;25;freeFlow;1
2025-07-02T23:03:00+02:00;47057;78;11;60;freeFlow;1
2025-07-02T23:03:00+02:00;47058;77;25;60;freeFlow;1
2025-07-02T23:03:00+02:00;47059;90;14;0;unknown;0
2025-07-02T23:03:00+02:00;47060;90;11;0;unknown;0
2025-07-02T23:03:00+02:00;47062;50;17;0;unknown;0
2025-07-02T23:03:00+02:00;47064;91;1;25;freeFlow;1
2025-07-02T23:03:00+02:00;47066;37;3;45;freeFlow;1
2025-07-02T23:03:00+02:00;47068;40;17;45;heavy;1
2025-07-02T23:03:00+02:00;47070;37;8;45;freeFlow;1
2025-07-02T23:03:00+02:00;47071;60;15;15;freeFlow;1
2025-07-02T23:03:00+02:00;47074;91;5;25;freeFlow;1
2025-07-02T23:03:00+02:00;47075;90;3;0;unknown;0
2025-07-02T23:03:00+02:00;47078;50;49;30;freeFlow;1
2025-07-02T23:03:00+02:00;47101;91;4;25;freeFlow;1
2025-07-02T23:03:00+02:00;47107;91;5;25;freeFlow;1
2025-07-02T23:03:00+02:00;47108;70;12;0;unknown;0
2025-07-02T23:03:00+02:00;47109;37;2;45;freeFlow;1
2025-07-02T23:03:00+02:00;47110;70;11;0;unknown;0
2025-07-02T23:03:00+02:00;47111;97;18;74;freeFlow;2
2025-07-02T23:03:00+02:00;47112;37;23;45;freeFlow;1
2025-07-02T23:03:00+02:00;47113;91;6;25;freeFlow;1
2025-07-02T23:03:00+02:00;47114;91;15;25;freeFlow;1
2025-07-02T23:03:00+02:00;47115;67;21;0;unknown;0
2025-07-02T23:03:00+02:00;47238;97;6;57;freeFlow;1
2025-07-02T23:03:00+02:00;47240;106;14;35;freeFlow;1
2025-07-02T23:03:00+02:00;47241;82;13;70;freeFlow;2
2025-07-02T23:03:00+02:00;47242;100;13;55;freeFlow;1
2025-07-02T23:03:00+02:00;47243;71;20;73;freeFlow;2
2025-07-02T23:03:00+02:00;47290;50;10;0;unknown;0
2025-07-02T23:03:00+02:00;47293;18;29;75;congested;2
2025-07-02T23:03:00+02:00;47299;14;25;60;congested;1
2025-07-02T23:03:00+02:00;47300;63;19;0;unknown;0
2025-07-02T23:03:00+02:00;47306;106;19;35;freeFlow;1
2025-07-02T23:03:00+02:00;47316;36;8;57;heavy;1
2025-07-02T23:03:00+02:00;47428_D;50;5;0;unknown;0
2025-07-02T23:03:00+02:00;47428_G;50;5;0;unknown;0
2025-07-02T23:03:00+02:00;48769_D;34;4;0;unknown;0
2025-07-02T23:03:00+02:00;48769_G;50;3;0;unknown;0
2025-07-02T23:03:00+02:00;48890;50;1;0;unknown;0
2025-07-02T23:03:00+02:00;48891;50;1;0;unknown;0
2025-07-02T23:03:00+02:00;48958_D;18;12;60;heavy;1
2025-07-02T23:03:00+02:00;48958_G;35;6;60;heavy;1
2025-07-02T23:03:00+02:00;489866_G;50;4;0;unknown;0
2025-07-02T23:03:00+02:00;49004;50;4;0;unknown;0
2025-07-02T23:03:00+02:00;490194_D;50;1;0;unknown;0
2025-07-02T23:03:00+02:00;490194_G;30;2;20;heavy;1
2025-07-02T23:03:00+02:00;49023;70;8;0;unknown;0
2025-07-02T23:03:00+02:00;49068;91;7;25;freeFlow;1
2025-07-02T23:03:00+02:00;49074;70;1;0;unknown;0
2025-07-02T23:03:00+02:00;49075;70;2;0;unknown;0
2025-07-02T23:03:00+02:00;49081;70;8;0;unknown;0
2025-07-02T23:03:00+02:00;49084;50;9;0;unknown;0
2025-07-02T23:03:00+02:00;49137_D;50;4;0;unknown;0
2025-07-02T23:03:00+02:00;49137_G;50;4;0;unknown;0
2025-07-02T23:03:00+02:00;49184;49;2;42;freeFlow;1
2025-07-02T23:03:00+02:00;492351_G;50;2;0;unknown;0
2025-07-02T23:03:00+02:00;492359_D;24;11;17;heavy;1
2025-07-02T23:03:00+02:00;492363_D;50;9;0;unknown;0
2025-07-02T23:03:00+02:00;492363_G;50;10;0;unknown;0
2025-07-02T23:03:00+02:00;492435;17;26;17;heavy;1
2025-07-02T23:03:00+02:00;492445_G;50;13;0;unknown;0
2025-07-02T23:03:00+02:00;492450;40;13;60;freeFlow;1
2025-07-02T23:03:00+02:00;492452;50;10;0;unknown;0
2025-07-02T23:03:00+02:00;492459;11;5;15;heavy;1
2025-07-02T23:03:00+02:00;492474;8;21;0;unknown;0
2025-07-02T23:03:00+02:00;492475;70;12;0;unknown;0
2025-07-02T23:03:00+02:00;492476;44;11;0;unknown;0
2025-07-02T23:03:00+02:00;492477;50;2;0;unknown;0
2025-07-02T23:03:00+02:00;492479;50;13;0;unknown;0
2025-07-02T23:03:00+02:00;492481;50;3;0;unknown;0
2025-07-02T23:03:00+02:00;492482;44;3;0;unknown;0
2025-07-02T23:03:00+02:00;492483;44;4;0;unknown;0
2025-07-02T23:03:00+02:00;492485;11;6;15;congested;1
2025-07-02T23:03:00+02:00;492490;38;9;60;freeFlow;1
2025-07-02T23:03:00+02:00;492495;8;5;0;unknown;0
2025-07-02T23:03:00+02:00;492498;50;9;0;unknown;0
2025-07-02T23:03:00+02:00;492506;50;4;0;unknown;0
2025-07-02T23:03:00+02:00;492512;50;2;0;unknown;0
2025-07-02T23:03:00+02:00;492514;44;1;0;unknown;0
2025-07-02T23:03:00+02:00;492519;35;15;17;freeFlow;1
2025-07-02T23:03:00+02:00;492574;50;3;0;unknown;0
2025-07-02T23:03:00+02:00;492576;50;1;0;unknown;0
2025-07-02T23:03:00+02:00;49328_D;50;2;0;unknown;0
2025-07-02T23:03:00+02:00;49328_G;50;2;0;unknown;0
2025-07-02T23:03:00+02:00;49686_D;50;3;0;unknown;0
2025-07-02T23:03:00+02:00;49686_G;50;3;0;unknown;0
2025-07-02T23:03:00+02:00;50079_D;30;8;0;unknown;0
2025-07-02T23:03:00+02:00;50079_G;30;8;0;unknown;0
2025-07-02T23:03:00+02:00;50191_D;50;10;0;unknown;0
2025-07-02T23:03:00+02:00;50191_G;50;11;0;unknown;0
2025-07-02T23:03:00+02:00;50308_G;50;6;0;unknown;0
2025-07-02T23:03:00+02:00;50355_D;33;9;17;heavy;1
2025-07-02T23:03:00+02:00;50355_G;50;6;0;unknown;0
2025-07-02T23:03:00+02:00;50416_D;33;4;17;heavy;1
2025-07-02T23:03:00+02:00;50416_G;50;3;0;unknown;0
2025-07-02T23:03:00+02:00;50475;33;12;42;heavy;1
2025-07-02T23:03:00+02:00;50509;36;12;40;freeFlow;1
2025-07-02T23:03:00+02:00;50573_D;24;10;32;freeFlow;1
2025-07-02T23:03:00+02:00;50573_G;22;9;0;unknown;0
2025-07-02T23:03:00+02:00;51008;50;3;0;unknown;0
2025-07-02T23:03:00+02:00;51017;31;4;38;heavy;1
2025-07-02T23:03:00+02:00;51159_D;50;13;0;unknown;0
2025-07-02T23:03:00+02:00;51159_G;91;7;25;freeFlow;1
2025-07-02T23:03:00+02:00;51254_D;28;10;38;heavy;1
2025-07-02T23:03:00+02:00;51254_G;91;3;25;freeFlow;1
2025-07-02T23:03:00+02:00;51323_D;50;3;0;unknown;0
2025-07-02T23:03:00+02:00;51323_G;50;4;0;unknown;0
2025-07-02T23:03:00+02:00;51437_D;38;4;12;freeFlow;1
2025-07-02T23:03:00+02:00;51437_G;50;3;0;unknown;0
2025-07-02T23:03:00+02:00;51455_D;30;9;12;heavy;1
2025-07-02T23:03:00+02:00;51455_G;50;5;0;unknown;0
2025-07-02T23:03:00+02:00;51797;91;2;25;freeFlow;1
2025-07-02T23:03:00+02:00;52130;50;4;0;unknown;0
2025-07-02T23:03:00+02:00;53329_D;30;6;0;unknown;0
2025-07-02T23:03:00+02:00;53329_G;30;6;0;unknown;0
2025-07-02T23:03:00+02:00;53336_D;58;7;22;freeFlow;1
2025-07-02T23:03:00+02:00;53336_G;50;8;0;unknown;0
2025-07-02T23:03:00+02:00;53411_D;50;7;0;unknown;0
2025-07-02T23:03:00+02:00;53539_G;50;4;0;unknown;0
2025-07-02T23:03:00+02:00;53542;70;6;0;unknown;0
2025-07-02T23:03:00+02:00;53543;90;5;0;unknown;0
2025-07-02T23:03:00+02:00;53575_D;50;13;0;unknown;0
2025-07-02T23:03:00+02:00;53575_G;50;12;0;unknown;0
2025-07-02T23:03:00+02:00;53656;50;2;0;unknown;0
2025-07-02T23:03:00+02:00;53660;50;7;0;unknown;0
2025-07-02T23:03:00+02:00;53663;32;4;52;heavy;1
2025-07-02T23:03:00+02:00;53675;35;2;57;heavy;1
2025-07-02T23:03:00+02:00;53676;43;3;10;heavy;1
2025-07-02T23:03:00+02:00;53677;14;40;59;congested;1
2025-07-02T23:03:00+02:00;53678;70;1;0;unknown;0
2025-07-02T23:03:00+02:00;53679;70;2;0;unknown;0
2025-07-02T23:03:00+02:00;53681;50;39;0;unknown;0
2025-07-02T23:03:00+02:00;53721;50;1;0;unknown;0
2025-07-02T23:03:00+02:00;53885_D;50;10;0;unknown;0
2025-07-02T23:03:00+02:00;53885_G;36;14;22;freeFlow;1
2025-07-02T23:03:00+02:00;54211;21;31;55;heavy;2
2025-07-02T23:03:00+02:00;54334_D;24;2;32;heavy;1
2025-07-02T23:03:00+02:00;54334_G;50;1;0;unknown;0
2025-07-02T23:03:00+02:00;54337;27;30;32;heavy;1
2025-07-02T23:03:00+02:00;54361;50;4;0;unknown;0
2025-07-02T23:03:00+02:00;54580_G;36;16;48;freeFlow;1
2025-07-02T23:03:00+02:00;54707;57;8;10;freeFlow;1
2025-07-02T23:03:00+02:00;54709;50;1;0;unknown;0
2025-07-02T23:03:00+02:00;54710;50;4;0;unknown;0
2025-07-02T23:03:00+02:00;55397_D;37;2;0;unknown;0
2025-07-02T23:03:00+02:00;55397_G;50;1;0;unknown;0
2025-07-02T23:03:00+02:00;55401;50;8;0;unknown;0
2025-07-02T23:03:00+02:00;55405;50;1;0;unknown;0
2025-07-02T23:03:00+02:00;55406;76;2;57;freeFlow;1
2025-07-02T23:03:00+02:00;55407;76;2;57;freeFlow;1
2025-07-02T23:03:00+02:00;55408;76;2;57;freeFlow;1
2025-07-02T23:03:00+02:00;55440_D;30;6;0;unknown;0
2025-07-02T23:03:00+02:00;55440_G;30;6;0;unknown;0
2025-07-02T23:03:00+02:00;55443_D;50;2;0;unknown;0
2025-07-02T23:03:00+02:00;55443_G;50;1;0;unknown;0
2025-07-02T23:03:00+02:00;55446;50;2;0;unknown;0
2025-07-02T23:03:00+02:00;55447;18;3;20;heavy;1
2025-07-02T23:03:00+02:00;55448;18;4;20;heavy;1
2025-07-02T23:03:00+02:00;55449;50;1;0;unknown;0
2025-07-02T23:03:00+02:00;55516;50;2;0;unknown;0
2025-07-02T23:03:00+02:00;55669;91;2;25;freeFlow;1
2025-07-02T23:03:00+02:00;55671;50;7;0;unknown;0
2025-07-02T23:03:00+02:00;55696;50;15;0;unknown;0
2025-07-02T23:03:00+02:00;55698;50;9;0;unknown;0
2025-07-02T23:03:00+02:00;55700;50;8;0;unknown;0
2025-07-02T23:03:00+02:00;55703;50;3;0;unknown;0
2025-07-02T23:03:00+02:00;55706;50;1;0;unknown;0
2025-07-02T23:03:00+02:00;55707;50;7;0;unknown;0
2025-07-02T23:03:00+02:00;55708;50;3;0;unknown;0
2025-07-02T23:03:00+02:00;55710;50;14;0;unknown;0
2025-07-02T23:03:00+02:00;55711;50;1;0;unknown;0
2025-07-02T23:03:00+02:00;55713;50;14;0;unknown;0
2025-07-02T23:03:00+02:00;55781_D;24;5;60;heavy;1
2025-07-02T23:03:00+02:00;55781_G;50;2;0;unknown;0
2025-07-02T23:03:00+02:00;55800;50;6;0;unknown;0
2025-07-02T23:03:00+02:00;55801;50;3;0;unknown;0
2025-07-02T23:03:00+02:00;55805;50;5;0;unknown;0
2025-07-02T23:03:00+02:00;55806;50;10;0;unknown;0
2025-07-02T23:03:00+02:00;55811;50;7;0;unknown;0
2025-07-02T23:03:00+02:00;55814;50;2;0;unknown;0
2025-07-02T23:03:00+02:00;55815;50;0;0;unknown;0
2025-07-02T23:03:00+02:00;55820;50;1;0;unknown;0
2025-07-02T23:03:00+02:00;55821;50;2;0;unknown;0
2025-07-02T23:03:00+02:00;55822;50;2;0;unknown;0
2025-07-02T23:03:00+02:00;55823;50;1;0;unknown;0
2025-07-02T23:03:00+02:00;55824;50;1;0;unknown;0
2025-07-02T23:03:00+02:00;55827;47;2;60;heavy;1
2025-07-02T23:03:00+02:00;55830;47;2;60;heavy;1
2025-07-02T23:03:00+02:00;55841;39;12;38;freeFlow;1
2025-07-02T23:03:00+02:00;55843;50;1;0;unknown;0
2025-07-02T23:03:00+02:00;55879;38;2;42;freeFlow;1
2025-07-02T23:03:00+02:00;55883;41;2;42;freeFlow;1
2025-07-02T23:03:00+02:00;55887;38;14;0;unknown;0
2025-07-02T23:03:00+02:00;55888;50;12;0;unknown;0
2025-07-02T23:03:00+02:00;55889;91;1;25;freeFlow;1
2025-07-02T23:03:00+02:00;55890;34;3;42;heavy;1
2025-07-02T23:03:00+02:00;55894;32;2;42;heavy;1
2025-07-02T23:03:00+02:00;55896;91;1;25;freeFlow;1
2025-07-02T23:03:00+02:00;55898;44;13;42;freeFlow;1
2025-07-02T23:03:00+02:00;55899;91;4;25;freeFlow;1
2025-07-02T23:03:00+02:00;55926_D;32;7;48;heavy;2
2025-07-02T23:03:00+02:00;55926_G;50;5;0;unknown;0
2025-07-02T23:03:00+02:00;55932;50;1;0;unknown;0
2025-07-02T23:03:00+02:00;55933;44;3;27;freeFlow;1
2025-07-02T23:03:00+02:00;55958;91;1;25;freeFlow;1
2025-07-02T23:03:00+02:00;55959;49;2;42;freeFlow;1
2025-07-02T23:03:00+02:00;55974;91;0;25;freeFlow;1
2025-07-02T23:03:00+02:00;55975;28;3;45;heavy;1
2025-07-02T23:03:00+02:00;55977;50;3;0;unknown;0
2025-07-02T23:03:00+02:00;55978;91;1;25;freeFlow;1
2025-07-02T23:03:00+02:00;55980;20;13;45;heavy;1
2025-07-02T23:03:00+02:00;55981;91;3;25;freeFlow;1
2025-07-02T23:03:00+02:00;56019;50;1;0;unknown;0
2025-07-02T23:03:00+02:00;56020;50;1;0;unknown;0
2025-07-02T23:03:00+02:00;56113;50;5;0;unknown;0
2025-07-02T23:03:00+02:00;56115;50;4;0;unknown;0
2025-07-02T23:03:00+02:00;56117;50;5;0;unknown;0
2025-07-02T23:03:00+02:00;56118;50;1;0;unknown;0
2025-07-02T23:03:00+02:00;56124;50;1;0;unknown;0
2025-07-02T23:03:00+02:00;56125;50;1;0;unknown;0
2025-07-02T23:03:00+02:00;56126;50;3;0;unknown;0
2025-07-02T23:03:00+02:00;56128;50;1;0;unknown;0
2025-07-02T23:03:00+02:00;56157_D;30;13;0;unknown;0
2025-07-02T23:03:00+02:00;56157_G;30;13;0;unknown;0
2025-07-02T23:03:00+02:00;56165_D;30;2;0;unknown;0
2025-07-02T23:03:00+02:00;56165_G;30;2;0;unknown;0
2025-07-02T23:03:00+02:00;56170;50;1;0;unknown;0
2025-07-02T23:03:00+02:00;56174;50;5;0;unknown;0
2025-07-02T23:03:00+02:00;56175;50;4;0;unknown;0
2025-07-02T23:03:00+02:00;56179;50;2;0;unknown;0
2025-07-02T23:03:00+02:00;56180;50;1;0;unknown;0
2025-07-02T23:03:00+02:00;56181;50;2;0;unknown;0
2025-07-02T23:03:00+02:00;56182;50;2;0;unknown;0
2025-07-02T23:03:00+02:00;56183;50;1;0;unknown;0
2025-07-02T23:03:00+02:00;56218_D;50;3;0;unknown;0
2025-07-02T23:03:00+02:00;56218_G;50;3;0;unknown;0
2025-07-02T23:03:00+02:00;56223;50;1;0;unknown;0
2025-07-02T23:03:00+02:00;56224;50;8;0;unknown;0
2025-07-02T23:03:00+02:00;56225;50;7;0;unknown;0
2025-07-02T23:03:00+02:00;56229;50;3;0;unknown;0
2025-07-02T23:03:00+02:00;56231;50;2;0;unknown;0
2025-07-02T23:03:00+02:00;56232;50;1;0;unknown;0
2025-07-02T23:03:00+02:00;56233;50;9;0;unknown;0
2025-07-02T23:03:00+02:00;56237;50;9;0;unknown;0
2025-07-02T23:03:00+02:00;56239;30;3;0;unknown;0
2025-07-02T23:03:00+02:00;56247;30;1;0;unknown;0
2025-07-02T23:03:00+02:00;56250;30;21;0;unknown;0
2025-07-02T23:03:00+02:00;56251;30;21;0;unknown;0
2025-07-02T23:03:00+02:00;56254;30;1;0;unknown;0
2025-07-02T23:03:00+02:00;56255;30;2;0;unknown;0
2025-07-02T23:03:00+02:00;56256;30;1;0;unknown;0
2025-07-02T23:03:00+02:00;56258;30;5;0;unknown;0
2025-07-02T23:03:00+02:00;56260;30;2;0;unknown;0
2025-07-02T23:03:00+02:00;56261;30;2;0;unknown;0
2025-07-02T23:03:00+02:00;56263;30;13;0;unknown;0
2025-07-02T23:03:00+02:00;56264;30;13;0;unknown;0
2025-07-02T23:03:00+02:00;56298;30;1;0;unknown;0
2025-07-02T23:03:00+02:00;56300;30;1;0;unknown;0
2025-07-02T23:03:00+02:00;56333;50;2;0;unknown;0
2025-07-02T23:03:00+02:00;565804_D;50;9;0;unknown;0
2025-07-02T23:03:00+02:00;565804_G;50;9;0;unknown;0
2025-07-02T23:03:00+02:00;565852;70;2;0;unknown;0
2025-07-02T23:03:00+02:00;565853;90;11;0;unknown;0
2025-07-02T23:03:00+02:00;566240;50;2;0;unknown;0
2025-07-02T23:03:00+02:00;566445_D;30;2;0;unknown;0
2025-07-02T23:03:00+02:00;566445_G;30;3;0;unknown;0
2025-07-02T23:03:00+02:00;566456_D;30;22;0;unknown;0
2025-07-02T23:03:00+02:00;566456_G;30;22;0;unknown;0
2025-07-02T23:03:00+02:00;566457;50;1;0;unknown;0
2025-07-02T23:03:00+02:00;566465_D;30;10;0;unknown;0
2025-07-02T23:03:00+02:00;566465_G;30;10;0;unknown;0
2025-07-02T23:03:00+02:00;56675_D;38;4;0;unknown;0
2025-07-02T23:03:00+02:00;56675_G;50;3;0;unknown;0
2025-07-02T23:03:00+02:00;566941;91;1;25;freeFlow;1
2025-07-02T23:03:00+02:00;56871_D;50;3;0;unknown;0
2025-07-02T23:03:00+02:00;56871_G;50;3;0;unknown;0
2025-07-02T23:03:00+02:00;56908_D;50;8;0;unknown;0
2025-07-02T23:03:00+02:00;56908_G;50;8;0;unknown;0
2025-07-02T23:03:00+02:00;56925;88;40;84;freeFlow;3
2025-07-02T23:03:00+02:00;56944_D;30;10;0;unknown;0
2025-07-02T23:03:00+02:00;56944_G;30;10;0;unknown;0
2025-07-02T23:03:00+02:00;56945_D;30;8;0;unknown;0
2025-07-02T23:03:00+02:00;56945_G;30;7;0;unknown;0
2025-07-02T23:03:00+02:00;57082_G;30;9;0;unknown;0
2025-07-02T23:03:00+02:00;57083_D;30;14;0;unknown;0
2025-07-02T23:03:00+02:00;57083_G;30;16;0;unknown;0
2025-07-02T23:03:00+02:00;59724;32;5;52;heavy;1
2025-07-02T23:03:00+02:00;59750_D;9;26;20;congested;1
2025-07-02T23:03:00+02:00;59750_G;50;4;0;unknown;0
2025-07-02T23:03:00+02:00;59835_D;50;4;0;unknown;0
2025-07-02T23:03:00+02:00;59835_G;50;4;0;unknown;0
2025-07-02T23:03:00+02:00;59836;50;2;0;unknown;0
2025-07-02T23:03:00+02:00;59837;50;1;0;unknown;0
2025-07-02T23:03:00+02:00;59838;50;3;0;unknown;0
2025-07-02T23:03:00+02:00;62559_D;37;8;60;freeFlow;1
2025-07-02T23:03:00+02:00;62559_G;50;6;0;unknown;0
2025-07-02T23:03:00+02:00;62560;50;5;0;unknown;0
2025-07-02T23:03:00+02:00;62565_D;42;2;60;freeFlow;1
2025-07-02T23:03:00+02:00;62565_G;50;1;0;unknown;0
2025-07-02T23:03:00+02:00;62831_D;50;1;0;unknown;0
2025-07-02T23:03:00+02:00;62831_G;50;1;0;unknown;0
2025-07-02T23:03:00+02:00;62832_D;50;1;0;unknown;0
2025-07-02T23:03:00+02:00;62832_G;50;1;0;unknown;0
2025-07-02T23:03:00+02:00;63045_D;30;5;0;unknown;0
2025-07-02T23:03:00+02:00;63045_G;30;5;0;unknown;0
2025-07-02T23:03:00+02:00;63053_D;50;4;0;unknown;0
2025-07-02T23:03:00+02:00;63053_G;50;4;0;unknown;0
2025-07-02T23:03:00+02:00;63899;94;18;60;freeFlow;1
2025-07-02T23:03:00+02:00;63934;50;1;0;unknown;0
2025-07-02T23:03:00+02:00;63935;76;5;57;freeFlow;1
2025-07-02T23:03:00+02:00;63936;50;10;0;unknown;0
2025-07-02T23:03:00+02:00;63939;76;8;57;freeFlow;1
2025-07-02T23:03:00+02:00;63940;50;2;0;unknown;0
2025-07-02T23:03:00+02:00;63941;50;1;0;unknown;0
2025-07-02T23:03:00+02:00;63942;50;1;0;unknown;0
2025-07-02T23:03:00+02:00;63943;76;1;57;freeFlow;1
2025-07-02T23:03:00+02:00;63944;50;3;0;unknown;0
2025-07-02T23:03:00+02:00;63947;26;4;10;heavy;1
2025-07-02T23:03:00+02:00;63950;26;2;10;heavy;1
2025-07-02T23:03:00+02:00;63951;32;3;10;heavy;1
2025-07-02T23:03:00+02:00;63952;34;1;10;heavy;1
2025-07-02T23:03:00+02:00;63953;43;1;10;freeFlow;1
2025-07-02T23:03:00+02:00;63970;49;19;60;freeFlow;1
2025-07-02T23:03:00+02:00;63973;47;3;60;freeFlow;1
2025-07-02T23:03:00+02:00;64032;86;11;32;freeFlow;1
2025-07-02T23:03:00+02:00;64061_D;30;10;0;unknown;0
2025-07-02T23:03:00+02:00;64061_G;30;11;0;unknown;0
2025-07-02T23:03:00+02:00;64637_D;84;5;74;freeFlow;2
2025-07-02T23:03:00+02:00;64637_G;120;4;60;freeFlow;1
2025-07-02T23:03:00+02:00;65310;50;6;0;unknown;0
2025-07-02T23:03:00+02:00;65313;50;6;0;unknown;0
2025-07-02T23:03:00+02:00;65682;120;10;60;freeFlow;1
2025-07-02T23:03:00+02:00;66421;50;2;0;unknown;0
2025-07-02T23:03:00+02:00;66442;50;4;0;unknown;0
2025-07-02T23:03:00+02:00;66782;76;5;57;freeFlow;1
2025-07-02T23:03:00+02:00;67066;50;6;0;unknown;0
2025-07-02T23:03:00+02:00;67097_D;30;11;0;unknown;0
2025-07-02T23:03:00+02:00;67097_G;30;12;0;unknown;0
2025-07-02T23:03:00+02:00;69381_D;34;8;0;unknown;0
2025-07-02T23:03:00+02:00;69381_G;50;6;0;unknown;0
2025-07-02T23:03:00+02:00;72487_G;80;31;0;unknown;0
2025-07-02T23:03:00+02:00;72614;50;2;0;unknown;0
2025-07-02T23:03:00+02:00;72621;4;83;42;congested;1
2025-07-02T23:03:00+02:00;72624;91;4;25;freeFlow;1
2025-07-02T23:03:00+02:00;72628;91;0;25;freeFlow;1
2025-07-02T23:03:00+02:00;74283_D;50;15;0;unknown;0
2025-07-02T23:03:00+02:00;74283_G;34;22;20;heavy;1
2025-07-02T23:03:00+02:00;75387;76;1;57;freeFlow;1
2025-07-02T23:03:00+02:00;75631;50;6;50;freeFlow;1
2025-07-02T23:03:00+02:00;75818_D;12;12;10;congested;1
2025-07-02T23:03:00+02:00;75818_G;50;2;0;unknown;0
2025-07-02T23:03:00+02:00;75820;87;22;60;freeFlow;1
2025-07-02T23:03:00+02:00;75824;50;9;0;unknown;0
2025-07-02T23:03:00+02:00;75825;88;5;60;freeFlow;1
2025-07-02T23:03:00+02:00;75828;70;11;0;unknown;0
2025-07-02T23:03:00+02:00;75829;70;10;0;unknown;0
2025-07-02T23:03:00+02:00;75832;37;3;45;freeFlow;1
2025-07-02T23:03:00+02:00;75833;91;2;25;freeFlow;1
2025-07-02T23:03:00+02:00;75835;91;1;25;freeFlow;1
2025-07-02T23:03:00+02:00;75836;88;11;45;freeFlow;1
2025-07-02T23:03:00+02:00;75837;69;6;45;freeFlow;1
2025-07-02T23:03:00+02:00;75838;91;3;25;freeFlow;1
2025-07-02T23:03:00+02:00;75839;50;4;0;unknown;0
2025-07-02T23:03:00+02:00;75840;38;5;0;unknown;0
2025-07-02T23:03:00+02:00;75845;29;4;60;heavy;1
2025-07-02T23:03:00+02:00;75846;31;10;60;heavy;1
2025-07-02T23:03:00+02:00;75847;37;16;57;heavy;1
2025-07-02T23:03:00+02:00;75848;50;5;0;unknown;0
2025-07-02T23:03:00+02:00;75849;30;8;52;heavy;1
2025-07-02T23:03:00+02:00;75850;33;6;55;heavy;1
2025-07-02T23:03:00+02:00;75851;50;4;0;unknown;0
2025-07-02T23:03:00+02:00;75853;46;2;10;heavy;1
2025-07-02T23:03:00+02:00;75854;46;5;10;heavy;1
2025-07-02T23:03:00+02:00;75856;26;5;10;heavy;1
2025-07-02T23:03:00+02:00;75897;90;10;0;unknown;0
2025-07-02T23:03:00+02:00;9128;101;27;60;freeFlow;1
2025-07-02T23:03:00+02:00;9130;70;11;0;unknown;0
2025-07-02T23:03:00+02:00;9131;92;7;60;freeFlow;1
2025-07-02T23:03:00+02:00;9132;91;23;60;freeFlow;1
2025-07-02T23:03:00+02:00;9146;91;4;25;freeFlow;1
2025-07-02T23:03:00+02:00;9178;90;13;0;unknown;0
2025-07-02T23:03:00+02:00;9179;86;21;60;freeFlow;1
2025-07-02T23:03:00+02:00;9180;91;21;60;freeFlow;1
2025-07-02T23:03:00+02:00;9181;70;14;0;unknown;0
2025-07-02T23:03:00+02:00;9182;70;3;0;unknown;0
2025-07-02T23:03:00+02:00;9183;70;6;0;unknown;0
2025-07-02T23:03:00+02:00;9184;90;7;0;unknown;0
2025-07-02T23:03:00+02:00;9245;49;144;29;heavy;1
2025-07-02T23:03:00+02:00;9246;116;102;61;freeFlow;2
2025-07-02T23:03:00+02:00;9380_D;80;23;0;unknown;0
2025-07-02T23:03:00+02:00;9380_G;80;23;0;unknown;0
2025-07-02T23:03:00+02:00;9389;80;1;0;unknown;0
2025-07-02T23:03:00+02:00;9390;80;1;0;unknown;0
2025-07-02T23:03:00+02:00;9391;80;1;0;unknown;0
2025-07-02T23:03:00+02:00;9392;80;1;0;unknown;0
2025-07-02T23:03:00+02:00;1677832;10;32;60;congested;1
2025-07-02T23:03:00+02:00;1679085_D;24;4;32;heavy;1
2025-07-02T23:03:00+02:00;1679085_G;50;2;0;unknown;0
2025-07-02T23:03:00+02:00;1679794;50;1;0;unknown;0
2025-07-02T23:03:00+02:00;1679795_G;50;2;0;unknown;0
2025-07-02T23:03:00+02:00;1679796;50;1;0;unknown;0
2025-07-02T23:03:00+02:00;1679797_D;50;6;0;unknown;0
2025-07-02T23:03:00+02:00;1679797_G;50;6;0;unknown;0
2025-07-02T23:03:00+02:00;1679798;50;1;0;unknown;0
2025-07-02T23:03:00+02:00;1679800;31;3;32;heavy;1
2025-07-02T23:03:00+02:00;1680335;50;6;0;unknown;0
2025-07-02T23:03:00+02:00;1680340;12;9;60;congested;1
2025-07-02T23:03:00+02:00;213972_D;50;6;0;unknown;0
2025-07-02T23:03:00+02:00;213972_G;50;5;0;unknown;0
2025-07-02T23:03:00+02:00;213973_D;50;8;0;unknown;0
2025-07-02T23:03:00+02:00;213973_G;50;8;0;unknown;0
2025-07-02T23:03:00+02:00;213974_D;50;4;0;unknown;0
2025-07-02T23:03:00+02:00;213974_G;50;4;0;unknown;0
2025-07-02T23:03:00+02:00;26521;73;75;22;freeFlow;1
2025-07-02T23:03:00+02:00;26522;73;45;40;freeFlow;1
2025-07-02T23:03:00+02:00;31304_G;50;22;0;unknown;0
2025-07-02T23:03:00+02:00;31328;90;10;0;unknown;0
2025-07-02T23:03:00+02:00;31441;70;49;0;unknown;0
2025-07-02T23:03:00+02:00;31535;75;10;60;freeFlow;1
2025-07-02T23:03:00+02:00;31552;81;9;30;freeFlow;1
2025-07-02T23:03:00+02:00;31555;70;12;0;unknown;0
2025-07-02T23:03:00+02:00;43014_D;41;5;48;freeFlow;1
2025-07-02T23:03:00+02:00;43014_G;50;4;0;unknown;0
2025-07-02T23:03:00+02:00;43105_D;50;5;0;unknown;0
2025-07-02T23:03:00+02:00;43105_G;50;5;0;unknown;0
2025-07-02T23:03:00+02:00;43118_D;35;16;45;freeFlow;1
2025-07-02T23:03:00+02:00;43118_G;50;11;0;unknown;0
2025-07-02T23:03:00+02:00;43124_D;10;36;45;heavy;1
2025-07-02T23:03:00+02:00;43124_G;30;13;0;unknown;0
2025-07-02T23:03:00+02:00;43125_D;34;8;48;freeFlow;1
2025-07-02T23:03:00+02:00;43125_G;30;9;0;unknown;0
2025-07-02T23:03:00+02:00;43126_D;41;13;48;freeFlow;1
2025-07-02T23:03:00+02:00;43126_G;30;17;0;unknown;0
2025-07-02T23:03:00+02:00;43147_D;28;9;45;freeFlow;1
2025-07-02T23:03:00+02:00;43147_G;30;9;0;unknown;0
2025-07-02T23:03:00+02:00;43336_D;50;6;0;unknown;0
2025-07-02T23:03:00+02:00;43336_G;50;6;0;unknown;0
2025-07-02T23:03:00+02:00;43337_D;50;8;0;unknown;0
2025-07-02T23:03:00+02:00;43337_G;50;8;0;unknown;0
2025-07-02T23:03:00+02:00;43338_D;50;4;0;unknown;0
2025-07-02T23:03:00+02:00;43338_G;50;4;0;unknown;0
2025-07-02T23:03:00+02:00;43339_D;50;5;0;unknown;0
2025-07-02T23:03:00+02:00;43339_G;50;5;0;unknown;0
2025-07-02T23:03:00+02:00;43340_D;50;1;0;unknown;0
2025-07-02T23:03:00+02:00;43340_G;50;1;0;unknown;0
2025-07-02T23:03:00+02:00;43341_D;50;4;0;unknown;0
2025-07-02T23:03:00+02:00;43341_G;50;4;0;unknown;0
2025-07-02T23:03:00+02:00;43342_D;50;2;0;unknown;0
2025-07-02T23:03:00+02:00;43342_G;50;2;0;unknown;0
2025-07-02T23:03:00+02:00;43343_D;50;7;0;unknown;0
2025-07-02T23:03:00+02:00;43343_G;50;7;0;unknown;0
2025-07-02T23:03:00+02:00;43345_D;24;12;32;freeFlow;1
2025-07-02T23:03:00+02:00;43345_G;30;10;0;unknown;0
2025-07-02T23:03:00+02:00;43347_D;24;6;32;freeFlow;1
2025-07-02T23:03:00+02:00;43347_G;30;5;0;unknown;0
2025-07-02T23:03:00+02:00;43352_D;24;20;32;freeFlow;1
2025-07-02T23:03:00+02:00;43353_D;24;12;32;freeFlow;1
2025-07-02T23:03:00+02:00;43353_G;30;10;0;unknown;0
2025-07-02T23:03:00+02:00;43377_D;30;16;0;unknown;0
2025-07-02T23:03:00+02:00;43377_G;30;16;0;unknown;0
2025-07-02T23:03:00+02:00;43379_D;24;9;32;freeFlow;1
2025-07-02T23:03:00+02:00;43379_G;30;7;0;unknown;0
2025-07-02T23:03:00+02:00;43413_D;24;7;32;freeFlow;1
2025-07-02T23:03:00+02:00;43413_G;30;6;0;unknown;0
2025-07-02T23:03:00+02:00;43474_D;30;5;30;heavy;1
2025-07-02T23:03:00+02:00;43474_G;50;3;0;unknown;0
2025-07-02T23:03:00+02:00;43615_D;40;2;30;freeFlow;1
2025-07-02T23:03:00+02:00;43615_G;30;2;0;unknown;0
2025-07-02T23:03:00+02:00;43743_D;50;25;0;unknown;0
2025-07-02T23:03:00+02:00;43746;30;7;0;unknown;0
2025-07-02T23:03:00+02:00;43747;30;14;0;unknown;0
2025-07-02T23:03:00+02:00;43751;37;15;60;freeFlow;1
2025-07-02T23:03:00+02:00;43774_D;36;5;42;freeFlow;1
2025-07-02T23:03:00+02:00;43774_G;50;4;0;unknown;0
2025-07-02T23:03:00+02:00;43775_D;40;10;0;unknown;0
2025-07-02T23:03:00+02:00;43775_G;50;8;0;unknown;0
2025-07-02T23:03:00+02:00;43826_D;27;10;42;heavy;1
2025-07-02T23:03:00+02:00;43826_G;50;5;0;unknown;0
2025-07-02T23:03:00+02:00;43971;50;13;0;unknown;0
2025-07-02T23:03:00+02:00;43973;50;5;0;unknown;0
2025-07-02T23:03:00+02:00;44003_G;50;8;0;unknown;0
2025-07-02T23:03:00+02:00;44004_D;16;67;40;heavy;1
2025-07-02T23:03:00+02:00;44004_G;50;22;0;unknown;0
2025-07-02T23:03:00+02:00;44017_G;50;3;0;unknown;0
2025-07-02T23:03:00+02:00;44018_G;50;12;0;unknown;0
2025-07-02T23:03:00+02:00;44037_D;26;6;30;heavy;1
2025-07-02T23:03:00+02:00;44037_G;50;3;0;unknown;0
2025-07-02T23:03:00+02:00;44851_D;43;13;40;freeFlow;1
2025-07-02T23:03:00+02:00;44851_G;50;11;0;unknown;0
2025-07-02T23:03:00+02:00;44852_D;58;8;42;freeFlow;1
2025-07-02T23:03:00+02:00;44852_G;50;9;0;unknown;0
2025-07-02T23:03:00+02:00;44854_D;58;1;42;freeFlow;1
2025-07-02T23:03:00+02:00;44854_G;39;2;40;freeFlow;1
2025-07-02T23:03:00+02:00;44855_D;58;6;42;freeFlow;1
2025-07-02T23:03:00+02:00;44855_G;50;7;0;unknown;0
2025-07-02T23:03:00+02:00;44879;76;18;35;freeFlow;1
2025-07-02T23:03:00+02:00;44897_D;58;4;42;freeFlow;1
2025-07-02T23:03:00+02:00;44897_G;50;5;0;unknown;0
2025-07-02T23:03:00+02:00;44901;70;22;0;unknown;0
2025-07-02T23:03:00+02:00;44939;91;45;50;freeFlow;2
2025-07-02T23:03:00+02:00;45135_D;50;1;0;unknown;0
2025-07-02T23:03:00+02:00;45135_G;50;1;0;unknown;0
2025-07-02T23:03:00+02:00;45136_G;35;23;60;heavy;1
2025-07-02T23:03:00+02:00;45137_D;50;2;0;unknown;0
2025-07-02T23:03:00+02:00;45137_G;29;2;60;heavy;1
2025-07-02T23:03:00+02:00;45146;50;8;0;unknown;0
2025-07-02T23:03:00+02:00;45147_D;19;3;48;heavy;1
2025-07-02T23:03:00+02:00;45147_G;50;1;0;unknown;0
2025-07-02T23:03:00+02:00;45153;50;8;0;unknown;0
2025-07-02T23:03:00+02:00;45155;50;16;0;unknown;0
2025-07-02T23:03:00+02:00;45213;50;9;0;unknown;0
2025-07-02T23:03:00+02:00;45214;50;5;0;unknown;0
2025-07-02T23:03:00+02:00;45232;50;33;0;unknown;0
2025-07-02T23:03:00+02:00;45233;50;2;0;unknown;0
2025-07-02T23:03:00+02:00;45236_D;63;10;60;freeFlow;1
2025-07-02T23:03:00+02:00;45242;94;12;38;freeFlow;1
2025-07-02T23:03:00+02:00;45246;94;27;75;freeFlow;2
2025-07-02T23:03:00+02:00;45247;70;14;0;unknown;0
2025-07-02T23:03:00+02:00;47742_G;50;4;0;unknown;0
2025-07-02T23:03:00+02:00;47744;50;40;0;unknown;0
2025-07-02T23:03:00+02:00;48725;50;2;0;unknown;0
2025-07-02T23:03:00+02:00;48736;50;1;0;unknown;0
2025-07-02T23:03:00+02:00;48738;29;2;22;heavy;1
2025-07-02T23:03:00+02:00;48746;29;13;22;heavy;1
2025-07-02T23:03:00+02:00;48751;50;1;0;unknown;0
2025-07-02T23:03:00+02:00;48752;50;1;0;unknown;0
2025-07-02T23:03:00+02:00;48753;58;1;42;freeFlow;1
2025-07-02T23:03:00+02:00;48754;50;1;0;unknown;0
2025-07-02T23:03:00+02:00;48764;50;1;0;unknown;0
2025-07-02T23:03:00+02:00;48765;50;5;0;unknown;0
2025-07-02T23:03:00+02:00;48796;50;10;0;unknown;0
2025-07-02T23:03:00+02:00;48915_D;50;2;0;unknown;0
2025-07-02T23:03:00+02:00;48915_G;50;2;0;unknown;0
2025-07-02T23:03:00+02:00;48916;50;3;0;unknown;0
2025-07-02T23:03:00+02:00;48953_D;50;23;0;unknown;0
2025-07-02T23:03:00+02:00;48953_G;29;40;60;heavy;1
2025-07-02T23:03:00+02:00;48993_D;24;15;32;heavy;1
2025-07-02T23:03:00+02:00;48993_G;50;7;0;unknown;0
2025-07-02T23:03:00+02:00;49042_D;58;1;42;freeFlow;1
2025-07-02T23:03:00+02:00;49042_G;50;1;0;unknown;0
2025-07-02T23:03:00+02:00;50035_D;28;3;30;heavy;1
2025-07-02T23:03:00+02:00;50035_G;50;2;0;unknown;0
2025-07-02T23:03:00+02:00;50087;50;5;0;unknown;0
2025-07-02T23:03:00+02:00;50107_D;50;11;0;unknown;0
2025-07-02T23:03:00+02:00;50107_G;50;11;0;unknown;0
2025-07-02T23:03:00+02:00;52835_G;50;3;0;unknown;0
2025-07-02T23:03:00+02:00;52850_D;20;7;48;heavy;1
2025-07-02T23:03:00+02:00;52850_G;50;3;0;unknown;0
2025-07-02T23:03:00+02:00;52878;30;5;0;unknown;0
2025-07-02T23:03:00+02:00;53020_G;50;2;0;unknown;0
2025-07-02T23:03:00+02:00;53130_D;50;5;0;unknown;0
2025-07-02T23:03:00+02:00;53130_G;50;5;0;unknown;0
2025-07-02T23:03:00+02:00;53375_D;24;4;32;freeFlow;1
2025-07-02T23:03:00+02:00;53375_G;30;3;0;unknown;0
2025-07-02T23:03:00+02:00;53427;94;46;38;freeFlow;1
2025-07-02T23:03:00+02:00;53988;50;5;0;unknown;0
2025-07-02T23:03:00+02:00;53989;50;2;0;unknown;0
2025-07-02T23:03:00+02:00;53992_D;50;8;0;unknown;0
2025-07-02T23:03:00+02:00;53992_G;29;14;60;heavy;1
2025-07-02T23:03:00+02:00;53995;30;2;60;heavy;1
2025-07-02T23:03:00+02:00;53997;50;1;0;unknown;0
2025-07-02T23:03:00+02:00;53999;50;1;0;unknown;0
2025-07-02T23:03:00+02:00;54130;50;31;0;unknown;0
2025-07-02T23:03:00+02:00;54136;63;3;60;freeFlow;1
2025-07-02T23:03:00+02:00;54219;50;11;0;unknown;0
2025-07-02T23:03:00+02:00;54222;50;12;0;unknown;0
2025-07-02T23:03:00+02:00;54235;50;10;0;unknown;0
2025-07-02T23:03:00+02:00;54300;58;7;55;freeFlow;1
2025-07-02T23:03:00+02:00;54304_D;35;6;60;heavy;1
2025-07-02T23:03:00+02:00;54304_G;35;6;60;heavy;1
2025-07-02T23:03:00+02:00;54309;24;37;55;heavy;1
2025-07-02T23:03:00+02:00;54345;50;3;0;unknown;0
2025-07-02T23:03:00+02:00;54352;50;7;0;unknown;0
2025-07-02T23:03:00+02:00;54353;50;3;0;unknown;0
2025-07-02T23:03:00+02:00;54356;21;40;10;heavy;1
2025-07-02T23:03:00+02:00;54357;50;5;0;unknown;0
2025-07-02T23:03:00+02:00;54370;50;4;0;unknown;0
2025-07-02T23:03:00+02:00;54373;50;4;0;unknown;0
2025-07-02T23:03:00+02:00;54374;50;4;0;unknown;0
2025-07-02T23:03:00+02:00;54377;30;36;0;unknown;0
2025-07-02T23:03:00+02:00;54396;34;7;70;heavy;2
2025-07-02T23:03:00+02:00;54397;31;19;70;heavy;2
2025-07-02T23:03:00+02:00;54468;50;3;0;unknown;0
2025-07-02T23:03:00+02:00;54470;15;17;70;heavy;2
2025-07-02T23:03:00+02:00;56022;63;2;60;freeFlow;1
2025-07-02T23:03:00+02:00;56598;29;2;60;heavy;1
2025-07-02T23:03:00+02:00;56676_D;20;11;32;heavy;1
2025-07-02T23:03:00+02:00;56868;50;4;0;unknown;0
2025-07-02T23:03:00+02:00;56869;30;5;25;heavy;1
2025-07-02T23:03:00+02:00;56894;50;4;0;unknown;0
2025-07-02T23:03:00+02:00;56895;50;23;0;unknown;0
2025-07-02T23:03:00+02:00;56896;58;3;55;freeFlow;1
2025-07-02T23:03:00+02:00;56901;74;30;20;freeFlow;1
2025-07-02T23:03:00+02:00;60284;43;28;57;freeFlow;1
2025-07-02T23:03:00+02:00;63409_D;24;5;32;heavy;1
2025-07-02T23:03:00+02:00;63409_G;50;2;0;unknown;0
2025-07-02T23:03:00+02:00;66896;50;6;0;unknown;0
2025-07-02T23:03:00+02:00;69440;49;5;60;freeFlow;1
2025-07-02T23:03:00+02:00;69442;51;8;60;freeFlow;1
2025-07-02T23:03:00+02:00;75868;83;9;30;freeFlow;1
2025-07-02T23:03:00+02:00;75908;42;25;60;freeFlow;1
2025-07-02T23:03:00+02:00;75909;23;45;70;heavy;2
2025-07-02T23:03:00+02:00;44943;31;20;100;freeFlow;4
2025-07-02T23:03:00+02:00;47063;50;12;0;unknown;0
2025-07-02T23:03:00+02:00;71455_G;50;3;0;unknown;0
2025-07-02T23:03:00+02:00;75831;50;18;0;unknown;0